/*--------------------------------*- C++ -*----------------------------------*\
| =========                 |                                                 |
| \\      /  F ield         | OpenFOAM: The Open Source CFD Toolbox           |
|  \\    /   O peration     | Version:  v2006                                 |
|   \\  /    A nd           | Website:  www.openfoam.com                      |
|    \\/     M anipulation  |                                                 |
\*---------------------------------------------------------------------------*/
FoamFile
{
    version     2.0;
    format      ascii;
    class       volScalarField;
    location    "0.4";
    object      gradTy;
}
// * * * * * * * * * * * * * * * * * * * * * * * * * * * * * * * * * * * * * //

dimensions      [0 -1 0 1 0 0 0];


internalField   nonuniform List<scalar> 
512
(
-2.27374e-12
0
-6.82121e-12
0
0
4.54747e-12
0
4.54747e-12
4.54747e-12
4.54747e-12
4.54747e-12
0
-2.27374e-12
-2.27374e-12
-2.27374e-12
-6.82121e-12
-6.82121e-12
-2.27374e-12
-2.27374e-12
-2.27374e-12
-6.82121e-12
0
0
-2.27374e-12
0
-2.27374e-12
-6.82121e-12
-2.27374e-12
0
0
0
4.54747e-12
0
-2.27374e-12
-2.27374e-12
-6.82121e-12
-2.27374e-12
6.82121e-12
4.54747e-12
4.54747e-12
4.54747e-12
4.54747e-12
4.54747e-12
4.54747e-12
0
2.27374e-12
2.27374e-12
-2.27374e-12
-2.27374e-12
-4.54747e-12
0
0
-2.27374e-12
-6.82121e-12
0
0
0
-6.82121e-12
-2.27374e-12
-4.54747e-12
-2.27374e-12
0
-2.27374e-12
4.54747e-12
0
0
0
0
0
4.54747e-12
4.54747e-12
2.27374e-12
0
0
0
-4.54747e-12
2.27374e-12
0
0
-4.54747e-12
-4.54747e-12
-2.27374e-12
-4.54747e-12
0
0
-6.82121e-12
-6.82121e-12
0
-6.82121e-12
-9.09495e-12
-4.54747e-12
-2.27374e-12
0
0
2.27374e-12
0
0
0
0
4.54747e-12
2.27374e-12
0
6.82121e-12
4.54747e-12
0
0
2.27374e-12
4.54747e-12
-2.27374e-12
4.54747e-12
-6.82121e-12
0
4.54747e-12
0
0
-4.54747e-12
0
0
-2.27374e-12
-4.54747e-12
-6.82121e-12
-6.82121e-12
-4.54747e-12
-9.09495e-12
2.27374e-12
4.54747e-12
9.09495e-12
0
6.82121e-12
-4.54747e-12
-4.54747e-12
-4.54747e-12
0
0
2.27374e-12
2.27374e-12
0
0
0
0
2.27374e-12
0
4.54747e-12
4.54747e-12
0
0
0
0
0
0
-4.54747e-12
0
0
4.54747e-12
-2.27374e-12
4.54747e-12
4.54747e-12
0
0
0
4.54747e-12
0
0
0
0
0
0
4.54747e-12
2.27374e-12
2.27374e-12
4.54747e-12
-4.54747e-12
4.54747e-12
4.54747e-12
2.27374e-12
2.27374e-12
2.27374e-12
2.27374e-12
4.54747e-12
0
2.27374e-12
6.82121e-12
-6.82121e-12
0
-4.54747e-12
6.82121e-12
0
6.82121e-12
4.54747e-12
6.82121e-12
2.27374e-12
6.82121e-12
2.27374e-12
0
6.82121e-12
4.54747e-12
0
-4.54747e-12
4.54747e-12
0
4.54747e-12
4.54747e-12
2.27374e-12
9.09495e-12
0
-4.54747e-12
4.54747e-12
0
0
0
0
-2.27374e-12
4.54747e-12
0
0
-2.27374e-12
9.09495e-12
0
2.27374e-12
0
6.82121e-12
6.82121e-12
6.82121e-12
2.27374e-12
4.54747e-12
6.82121e-12
0
0
9.09495e-12
0
0
-4.54747e-12
2.27374e-12
0
4.54747e-12
2.27374e-12
4.54747e-12
4.54747e-12
0
0
4.54747e-12
6.82121e-12
2.27374e-12
0
0
0
2.27374e-12
2.27374e-12
6.82121e-12
1.13687e-11
1.13687e-11
4.54747e-12
2.27374e-12
4.54747e-12
9.09495e-12
4.54747e-12
-4.54747e-12
4.54747e-12
6.82121e-12
0
0
4.54747e-12
-4.54747e-12
-6.82121e-12
0
2.27374e-12
-4.54747e-12
4.54747e-12
6.82121e-12
2.27374e-12
4.54747e-12
6.82121e-12
0
-2.27374e-12
-2.27374e-12
2.27374e-12
-4.54747e-12
0
9.09495e-12
6.82121e-12
2.27374e-12
6.82121e-12
6.82121e-12
2.27374e-12
-6.82121e-12
0
2.27374e-12
4.54747e-12
-2.27374e-12
-4.54747e-12
-2.27374e-12
2.27374e-12
0
0
-2.27374e-12
-2.27374e-12
0
0
0
2.27374e-12
2.27374e-12
0
-4.54747e-12
4.54747e-12
2.27374e-12
-4.54747e-12
0
4.54747e-12
0
0
9.09495e-12
0
4.54747e-12
0
9.09495e-12
0
0
0
0
-4.54747e-12
-4.54747e-12
0
-6.82121e-12
0
0
-4.54747e-12
0
0
0
0
4.54747e-12
4.54747e-12
-2.27374e-12
0
4.54747e-12
4.54747e-12
0
0
0
2.27374e-12
0
4.54747e-12
4.54747e-12
0
-4.54747e-12
4.54747e-12
2.27374e-12
0
0
-6.82121e-12
0
0
0
4.54747e-12
0
4.54747e-12
2.27374e-12
0
-4.54747e-12
0
-2.27374e-12
0
0
0
0
0
-4.54747e-12
0
0
6.82121e-12
0
0
0
-4.54747e-12
0
4.54747e-12
0
-4.54747e-12
0
4.54747e-12
-2.27374e-12
-4.54747e-12
0
4.54747e-12
0
0
6.82121e-12
4.54747e-12
0
0
-6.82121e-12
-4.54747e-12
-4.54747e-12
-2.27374e-12
0
-4.54747e-12
0
0
-4.54747e-12
-4.54747e-12
0
0
0
4.54747e-12
4.54747e-12
4.54747e-12
0
4.54747e-12
-2.27374e-12
-4.54747e-12
-2.27374e-12
0
2.27374e-12
-6.82121e-12
0
-4.54747e-12
-4.54747e-12
0
0
0
-2.27374e-12
-2.27374e-12
-4.54747e-12
-4.54747e-12
-2.27374e-12
0
-4.54747e-12
-2.27374e-12
-4.54747e-12
-2.27374e-12
0
4.54747e-12
0
0
-4.54747e-12
0
2.27374e-12
2.27374e-12
0
-4.54747e-12
0
0
0
0
-2.27374e-12
0
-6.82121e-12
-6.82121e-12
4.54747e-12
-4.54747e-12
2.27374e-12
-9.09495e-12
-9.09495e-12
-4.54747e-12
-2.27374e-12
0
-4.54747e-12
-6.82121e-12
-9.09495e-12
-6.82121e-12
-6.82121e-12
-4.54747e-12
0
-4.54747e-12
0
4.54747e-12
4.54747e-12
0
0
0
-4.54747e-12
-4.54747e-12
0
-2.27374e-12
0
0
-4.54747e-12
-4.54747e-12
-6.82121e-12
-6.82121e-12
-4.54747e-12
0
0
0
0
-4.54747e-12
2.27374e-12
0
-4.54747e-12
-9.09495e-12
-9.09495e-12
-9.09495e-12
-4.54747e-12
-4.54747e-12
0
-4.54747e-12
0
-4.54747e-12
2.27374e-12
-4.54747e-12
0
0
0
0
2.27374e-12
2.27374e-12
-9.09495e-12
-4.54747e-12
-4.54747e-12
0
-1.59162e-11
-9.09495e-12
)
;

boundaryField
{
    left
    {
        type            calculated;
        value           nonuniform List<scalar> 
16
(
-2.27374e-12
0
0
0
6.82121e-12
4.54747e-12
2.27374e-12
4.54747e-12
-4.54747e-12
-2.27374e-12
-4.54747e-12
0
0
-4.54747e-12
4.54747e-12
-4.54747e-12
)
;
    }
    right
    {
        type            calculated;
        value           nonuniform List<scalar> 
16
(
4.54747e-12
4.54747e-12
0
0
0
6.82121e-12
2.27374e-12
4.54747e-12
4.54747e-12
-4.54747e-12
0
4.54747e-12
-4.54747e-12
-6.82121e-12
-6.82121e-12
-9.09495e-12
)
;
    }
    interface
    {
        type            calculated;
        value           nonuniform List<scalar> 
32
(
-7.27596e-12
7.27596e-12
0
0
0
0
7.27596e-12
0
-7.27596e-12
-1.45519e-11
-7.27596e-12
0
0
0
0
0
7.27596e-12
-7.27596e-12
0
-7.27596e-12
7.27596e-12
0
0
7.27596e-12
7.27596e-12
7.27596e-12
-7.27596e-12
0
0
7.27596e-12
-1.45519e-11
-7.27596e-12
)
;
    }
    bottom
    {
        type            calculated;
        value           nonuniform List<scalar> 
32
(
0
-7.27596e-12
-7.27596e-12
7.27596e-12
0
0
0
7.27596e-12
0
0
0
0
-7.27596e-12
0
-7.27596e-12
-7.27596e-12
-7.27596e-12
-7.27596e-12
-7.27596e-12
-7.27596e-12
-7.27596e-12
-7.27596e-12
-7.27596e-12
-7.27596e-12
0
0
-7.27596e-12
-7.27596e-12
0
0
0
0
)
;
    }
    defaultFaces
    {
        type            empty;
    }
}


// ************************************************************************* //
