/*--------------------------------*- C++ -*----------------------------------*\
| =========                 |                                                 |
| \\      /  F ield         | OpenFOAM: The Open Source CFD Toolbox           |
|  \\    /   O peration     | Version:  v2006                                 |
|   \\  /    A nd           | Website:  www.openfoam.com                      |
|    \\/     M anipulation  |                                                 |
\*---------------------------------------------------------------------------*/
FoamFile
{
    version     2.0;
    format      ascii;
    class       volScalarField;
    location    "1";
    object      gradTx;
}
// * * * * * * * * * * * * * * * * * * * * * * * * * * * * * * * * * * * * * //

dimensions      [0 -1 0 1 0 0 0];


internalField   nonuniform List<scalar> 
512
(
0
0
0
2.27374e-12
-2.27374e-12
-1.13687e-12
1.13687e-12
2.27374e-12
-2.27374e-12
0
0
-1.13687e-12
1.13687e-12
0
-1.13687e-12
1.13687e-12
0
0
0
0
-1.13687e-12
0
0
0
0
1.13687e-12
-1.13687e-12
0
1.13687e-12
0
0
0
0
0
0
0
0
2.27374e-12
-3.41061e-12
1.13687e-12
2.27374e-12
-2.27374e-12
0
-1.13687e-12
1.13687e-12
2.27374e-12
-2.27374e-12
-1.13687e-12
0
1.13687e-12
2.27374e-12
-3.41061e-12
-2.27374e-12
2.27374e-12
0
1.13687e-12
0
0
-1.13687e-12
1.13687e-12
0
2.27374e-12
2.27374e-12
0
0
0
0
0
4.54747e-12
0
-4.54747e-12
0
-1.13687e-12
1.13687e-12
0
-3.41061e-12
3.41061e-12
4.54747e-12
-4.54747e-12
-3.41061e-12
3.41061e-12
0
2.27374e-12
-3.41061e-12
-2.27374e-12
0
2.27374e-12
1.13687e-12
-1.13687e-12
-2.27374e-12
0
3.41061e-12
2.27374e-12
2.27374e-12
-2.27374e-12
2.27374e-12
0
0
-1.13687e-12
1.13687e-12
4.54747e-12
1.13687e-12
-3.41061e-12
-2.27374e-12
0
2.27374e-12
-2.27374e-12
-1.13687e-12
1.13687e-12
0
-1.13687e-12
-2.27374e-12
2.27374e-12
3.41061e-12
2.27374e-12
-4.54747e-12
-3.41061e-12
0
2.27374e-12
0
-2.27374e-12
-1.13687e-12
0
3.41061e-12
5.68434e-12
0
0
1.13687e-12
0
-2.27374e-12
-2.27374e-12
2.27374e-12
3.41061e-12
2.27374e-12
0
-3.41061e-12
0
1.13687e-12
-1.13687e-12
-4.54747e-12
0
0
-1.13687e-12
-2.27374e-12
3.41061e-12
4.54747e-12
0
-4.54747e-12
-3.41061e-12
0
2.27374e-12
0
-3.41061e-12
-2.27374e-12
-2.27374e-12
5.68434e-12
9.09495e-12
0
0
2.27374e-12
-2.27374e-12
-3.41061e-12
-2.27374e-12
4.54747e-12
3.41061e-12
3.41061e-12
-2.27374e-12
-3.41061e-12
-1.13687e-12
1.13687e-12
-1.13687e-12
-4.54747e-12
0
2.27374e-12
-2.27374e-12
-1.13687e-12
3.41061e-12
2.27374e-12
0
-4.54747e-12
-1.13687e-12
0
-2.27374e-12
0
-1.13687e-12
-4.54747e-12
0
5.68434e-12
9.09495e-12
2.27374e-12
-2.27374e-12
2.27374e-12
0
-2.27374e-12
-1.13687e-12
1.13687e-12
5.68434e-12
0
-3.41061e-12
-3.41061e-12
1.13687e-12
2.27374e-12
-3.41061e-12
-5.68434e-12
1.13687e-12
-1.13687e-12
-2.27374e-12
3.41061e-12
4.54747e-12
1.13687e-12
0
-3.41061e-12
-2.27374e-12
-3.41061e-12
0
0
-1.13687e-12
-4.54747e-12
0
5.68434e-12
9.09495e-12
3.41061e-12
4.54747e-12
0
-1.13687e-12
-2.27374e-12
-1.13687e-12
3.41061e-12
3.41061e-12
0
-2.27374e-12
-3.41061e-12
2.27374e-12
1.13687e-12
-1.13687e-12
-7.95808e-12
-1.13687e-12
0
-2.27374e-12
2.27374e-12
5.68434e-12
3.41061e-12
0
-5.68434e-12
-2.27374e-12
-3.41061e-12
0
0
0
-3.41061e-12
-2.27374e-12
7.95808e-12
9.09495e-12
3.41061e-12
3.41061e-12
2.27374e-12
-2.27374e-12
-3.41061e-12
-1.13687e-12
3.41061e-12
1.13687e-12
2.27374e-12
-2.27374e-12
-1.13687e-12
1.13687e-12
0
-1.13687e-12
-5.68434e-12
-2.27374e-12
-1.13687e-12
-3.41061e-12
1.13687e-12
5.68434e-12
6.82121e-12
-1.13687e-12
-3.41061e-12
-4.54747e-12
-3.41061e-12
-1.13687e-12
1.13687e-12
0
0
0
3.41061e-12
9.09495e-12
5.68434e-12
3.41061e-12
0
-1.13687e-12
-3.41061e-12
0
-2.27374e-12
3.41061e-12
3.41061e-12
-1.13687e-12
0
1.13687e-12
0
-1.13687e-12
-3.41061e-12
-2.27374e-12
-2.27374e-12
0
-1.13687e-12
1.13687e-12
9.09495e-12
0
-4.54747e-12
-2.27374e-12
-2.27374e-12
-3.41061e-12
0
0
2.27374e-12
-2.27374e-12
2.27374e-12
9.09495e-12
6.82121e-12
3.41061e-12
2.27374e-12
-3.41061e-12
-5.68434e-12
0
4.54747e-12
3.41061e-12
1.13687e-12
-1.13687e-12
-2.27374e-12
2.27374e-12
1.13687e-12
-1.13687e-12
-2.27374e-12
-1.13687e-12
-2.27374e-12
-3.41061e-12
0
1.13687e-12
5.68434e-12
2.27374e-12
-3.41061e-12
-2.27374e-12
0
-2.27374e-12
-3.41061e-12
0
2.27374e-12
-2.27374e-12
3.41061e-12
7.95808e-12
6.82121e-12
5.68434e-12
0
-2.27374e-12
-5.68434e-12
-1.13687e-12
3.41061e-12
2.27374e-12
3.41061e-12
-2.27374e-12
-1.13687e-12
3.41061e-12
1.13687e-12
-1.13687e-12
-2.27374e-12
-1.13687e-12
-2.27374e-12
-2.27374e-12
0
2.27374e-12
5.68434e-12
1.13687e-12
-4.54747e-12
-2.27374e-12
0
-3.41061e-12
-2.27374e-12
0
3.41061e-12
0
0
5.68434e-12
7.95808e-12
3.41061e-12
0
0
-4.54747e-12
0
2.27374e-12
2.27374e-12
3.41061e-12
-2.27374e-12
0
2.27374e-12
1.13687e-12
-1.13687e-12
-3.41061e-12
0
-4.54747e-12
-3.41061e-12
2.27374e-12
5.68434e-12
3.41061e-12
0
-2.27374e-12
-5.68434e-12
0
-1.13687e-12
0
0
1.13687e-12
0
0
4.54747e-12
6.82121e-12
5.68434e-12
-2.27374e-12
0
-2.27374e-12
2.27374e-12
0
0
0
0
0
3.41061e-12
0
0
-3.41061e-12
0
-4.54747e-12
-3.41061e-12
2.27374e-12
1.13687e-12
5.68434e-12
0
0
-5.68434e-12
0
0
-3.41061e-12
0
3.41061e-12
0
0
4.54747e-12
6.82121e-12
2.27374e-12
-2.27374e-12
0
-2.27374e-12
0
2.27374e-12
0
-4.54747e-12
-1.13687e-12
1.13687e-12
4.54747e-12
1.13687e-12
0
-1.13687e-12
-2.27374e-12
-3.41061e-12
-2.27374e-12
2.27374e-12
1.13687e-12
4.54747e-12
0
0
-4.54747e-12
0
0
0
-1.13687e-12
1.13687e-12
2.27374e-12
-2.27374e-12
4.54747e-12
3.41061e-12
1.13687e-12
-1.13687e-12
-2.27374e-12
-2.27374e-12
2.27374e-12
0
-2.27374e-12
0
0
0
2.27374e-12
0
0
-2.27374e-12
0
0
0
0
0
2.27374e-12
0
0
-2.27374e-12
0
0
0
0
0
0
0
0
0
2.27374e-12
0
)
;

boundaryField
{
    left
    {
        type            calculated;
        value           uniform 0;
    }
    right
    {
        type            calculated;
        value           uniform 0;
    }
    interface
    {
        type            calculated;
        value           nonuniform List<scalar> 
32
(
-2.27374e-12
-2.27374e-12
2.27374e-12
0
-2.27374e-12
0
0
0
2.27374e-12
0
0
-2.27374e-12
0
0
0
0
0
2.27374e-12
0
0
-2.27374e-12
0
0
0
0
0
0
0
0
0
2.27374e-12
0
)
;
    }
    bottom
    {
        type            calculated;
        value           nonuniform List<scalar> 
32
(
0
0
0
2.27374e-12
-2.27374e-12
-1.13687e-12
1.13687e-12
2.27374e-12
-2.27374e-12
0
0
-1.13687e-12
1.13687e-12
0
-1.13687e-12
1.13687e-12
0
0
0
0
-1.13687e-12
0
0
0
0
1.13687e-12
-1.13687e-12
0
1.13687e-12
0
0
0
)
;
    }
    defaultFaces
    {
        type            empty;
    }
}


// ************************************************************************* //
