/*--------------------------------*- C++ -*----------------------------------*\
| =========                 |                                                 |
| \\      /  F ield         | OpenFOAM: The Open Source CFD Toolbox           |
|  \\    /   O peration     | Version:  v2006                                 |
|   \\  /    A nd           | Website:  www.openfoam.com                      |
|    \\/     M anipulation  |                                                 |
\*---------------------------------------------------------------------------*/
FoamFile
{
    version     2.0;
    format      ascii;
    class       faceList;
    location    "constant/polyMesh";
    object      faces;
}
// * * * * * * * * * * * * * * * * * * * * * * * * * * * * * * * * * * * * * //


2096
(
4(1 34 595 562)
4(33 594 595 34)
4(2 35 596 563)
4(34 595 596 35)
4(3 36 597 564)
4(35 596 597 36)
4(4 37 598 565)
4(36 597 598 37)
4(5 38 599 566)
4(37 598 599 38)
4(6 39 600 567)
4(38 599 600 39)
4(7 40 601 568)
4(39 600 601 40)
4(8 41 602 569)
4(40 601 602 41)
4(9 42 603 570)
4(41 602 603 42)
4(10 43 604 571)
4(42 603 604 43)
4(11 44 605 572)
4(43 604 605 44)
4(12 45 606 573)
4(44 605 606 45)
4(13 46 607 574)
4(45 606 607 46)
4(14 47 608 575)
4(46 607 608 47)
4(15 48 609 576)
4(47 608 609 48)
4(16 49 610 577)
4(48 609 610 49)
4(17 50 611 578)
4(49 610 611 50)
4(18 51 612 579)
4(50 611 612 51)
4(19 52 613 580)
4(51 612 613 52)
4(20 53 614 581)
4(52 613 614 53)
4(21 54 615 582)
4(53 614 615 54)
4(22 55 616 583)
4(54 615 616 55)
4(23 56 617 584)
4(55 616 617 56)
4(24 57 618 585)
4(56 617 618 57)
4(25 58 619 586)
4(57 618 619 58)
4(26 59 620 587)
4(58 619 620 59)
4(27 60 621 588)
4(59 620 621 60)
4(28 61 622 589)
4(60 621 622 61)
4(29 62 623 590)
4(61 622 623 62)
4(30 63 624 591)
4(62 623 624 63)
4(31 64 625 592)
4(63 624 625 64)
4(64 625 626 65)
4(34 67 628 595)
4(66 627 628 67)
4(35 68 629 596)
4(67 628 629 68)
4(36 69 630 597)
4(68 629 630 69)
4(37 70 631 598)
4(69 630 631 70)
4(38 71 632 599)
4(70 631 632 71)
4(39 72 633 600)
4(71 632 633 72)
4(40 73 634 601)
4(72 633 634 73)
4(41 74 635 602)
4(73 634 635 74)
4(42 75 636 603)
4(74 635 636 75)
4(43 76 637 604)
4(75 636 637 76)
4(44 77 638 605)
4(76 637 638 77)
4(45 78 639 606)
4(77 638 639 78)
4(46 79 640 607)
4(78 639 640 79)
4(47 80 641 608)
4(79 640 641 80)
4(48 81 642 609)
4(80 641 642 81)
4(49 82 643 610)
4(81 642 643 82)
4(50 83 644 611)
4(82 643 644 83)
4(51 84 645 612)
4(83 644 645 84)
4(52 85 646 613)
4(84 645 646 85)
4(53 86 647 614)
4(85 646 647 86)
4(54 87 648 615)
4(86 647 648 87)
4(55 88 649 616)
4(87 648 649 88)
4(56 89 650 617)
4(88 649 650 89)
4(57 90 651 618)
4(89 650 651 90)
4(58 91 652 619)
4(90 651 652 91)
4(59 92 653 620)
4(91 652 653 92)
4(60 93 654 621)
4(92 653 654 93)
4(61 94 655 622)
4(93 654 655 94)
4(62 95 656 623)
4(94 655 656 95)
4(63 96 657 624)
4(95 656 657 96)
4(64 97 658 625)
4(96 657 658 97)
4(97 658 659 98)
4(67 100 661 628)
4(99 660 661 100)
4(68 101 662 629)
4(100 661 662 101)
4(69 102 663 630)
4(101 662 663 102)
4(70 103 664 631)
4(102 663 664 103)
4(71 104 665 632)
4(103 664 665 104)
4(72 105 666 633)
4(104 665 666 105)
4(73 106 667 634)
4(105 666 667 106)
4(74 107 668 635)
4(106 667 668 107)
4(75 108 669 636)
4(107 668 669 108)
4(76 109 670 637)
4(108 669 670 109)
4(77 110 671 638)
4(109 670 671 110)
4(78 111 672 639)
4(110 671 672 111)
4(79 112 673 640)
4(111 672 673 112)
4(80 113 674 641)
4(112 673 674 113)
4(81 114 675 642)
4(113 674 675 114)
4(82 115 676 643)
4(114 675 676 115)
4(83 116 677 644)
4(115 676 677 116)
4(84 117 678 645)
4(116 677 678 117)
4(85 118 679 646)
4(117 678 679 118)
4(86 119 680 647)
4(118 679 680 119)
4(87 120 681 648)
4(119 680 681 120)
4(88 121 682 649)
4(120 681 682 121)
4(89 122 683 650)
4(121 682 683 122)
4(90 123 684 651)
4(122 683 684 123)
4(91 124 685 652)
4(123 684 685 124)
4(92 125 686 653)
4(124 685 686 125)
4(93 126 687 654)
4(125 686 687 126)
4(94 127 688 655)
4(126 687 688 127)
4(95 128 689 656)
4(127 688 689 128)
4(96 129 690 657)
4(128 689 690 129)
4(97 130 691 658)
4(129 690 691 130)
4(130 691 692 131)
4(100 133 694 661)
4(132 693 694 133)
4(101 134 695 662)
4(133 694 695 134)
4(102 135 696 663)
4(134 695 696 135)
4(103 136 697 664)
4(135 696 697 136)
4(104 137 698 665)
4(136 697 698 137)
4(105 138 699 666)
4(137 698 699 138)
4(106 139 700 667)
4(138 699 700 139)
4(107 140 701 668)
4(139 700 701 140)
4(108 141 702 669)
4(140 701 702 141)
4(109 142 703 670)
4(141 702 703 142)
4(110 143 704 671)
4(142 703 704 143)
4(111 144 705 672)
4(143 704 705 144)
4(112 145 706 673)
4(144 705 706 145)
4(113 146 707 674)
4(145 706 707 146)
4(114 147 708 675)
4(146 707 708 147)
4(115 148 709 676)
4(147 708 709 148)
4(116 149 710 677)
4(148 709 710 149)
4(117 150 711 678)
4(149 710 711 150)
4(118 151 712 679)
4(150 711 712 151)
4(119 152 713 680)
4(151 712 713 152)
4(120 153 714 681)
4(152 713 714 153)
4(121 154 715 682)
4(153 714 715 154)
4(122 155 716 683)
4(154 715 716 155)
4(123 156 717 684)
4(155 716 717 156)
4(124 157 718 685)
4(156 717 718 157)
4(125 158 719 686)
4(157 718 719 158)
4(126 159 720 687)
4(158 719 720 159)
4(127 160 721 688)
4(159 720 721 160)
4(128 161 722 689)
4(160 721 722 161)
4(129 162 723 690)
4(161 722 723 162)
4(130 163 724 691)
4(162 723 724 163)
4(163 724 725 164)
4(133 166 727 694)
4(165 726 727 166)
4(134 167 728 695)
4(166 727 728 167)
4(135 168 729 696)
4(167 728 729 168)
4(136 169 730 697)
4(168 729 730 169)
4(137 170 731 698)
4(169 730 731 170)
4(138 171 732 699)
4(170 731 732 171)
4(139 172 733 700)
4(171 732 733 172)
4(140 173 734 701)
4(172 733 734 173)
4(141 174 735 702)
4(173 734 735 174)
4(142 175 736 703)
4(174 735 736 175)
4(143 176 737 704)
4(175 736 737 176)
4(144 177 738 705)
4(176 737 738 177)
4(145 178 739 706)
4(177 738 739 178)
4(146 179 740 707)
4(178 739 740 179)
4(147 180 741 708)
4(179 740 741 180)
4(148 181 742 709)
4(180 741 742 181)
4(149 182 743 710)
4(181 742 743 182)
4(150 183 744 711)
4(182 743 744 183)
4(151 184 745 712)
4(183 744 745 184)
4(152 185 746 713)
4(184 745 746 185)
4(153 186 747 714)
4(185 746 747 186)
4(154 187 748 715)
4(186 747 748 187)
4(155 188 749 716)
4(187 748 749 188)
4(156 189 750 717)
4(188 749 750 189)
4(157 190 751 718)
4(189 750 751 190)
4(158 191 752 719)
4(190 751 752 191)
4(159 192 753 720)
4(191 752 753 192)
4(160 193 754 721)
4(192 753 754 193)
4(161 194 755 722)
4(193 754 755 194)
4(162 195 756 723)
4(194 755 756 195)
4(163 196 757 724)
4(195 756 757 196)
4(196 757 758 197)
4(166 199 760 727)
4(198 759 760 199)
4(167 200 761 728)
4(199 760 761 200)
4(168 201 762 729)
4(200 761 762 201)
4(169 202 763 730)
4(201 762 763 202)
4(170 203 764 731)
4(202 763 764 203)
4(171 204 765 732)
4(203 764 765 204)
4(172 205 766 733)
4(204 765 766 205)
4(173 206 767 734)
4(205 766 767 206)
4(174 207 768 735)
4(206 767 768 207)
4(175 208 769 736)
4(207 768 769 208)
4(176 209 770 737)
4(208 769 770 209)
4(177 210 771 738)
4(209 770 771 210)
4(178 211 772 739)
4(210 771 772 211)
4(179 212 773 740)
4(211 772 773 212)
4(180 213 774 741)
4(212 773 774 213)
4(181 214 775 742)
4(213 774 775 214)
4(182 215 776 743)
4(214 775 776 215)
4(183 216 777 744)
4(215 776 777 216)
4(184 217 778 745)
4(216 777 778 217)
4(185 218 779 746)
4(217 778 779 218)
4(186 219 780 747)
4(218 779 780 219)
4(187 220 781 748)
4(219 780 781 220)
4(188 221 782 749)
4(220 781 782 221)
4(189 222 783 750)
4(221 782 783 222)
4(190 223 784 751)
4(222 783 784 223)
4(191 224 785 752)
4(223 784 785 224)
4(192 225 786 753)
4(224 785 786 225)
4(193 226 787 754)
4(225 786 787 226)
4(194 227 788 755)
4(226 787 788 227)
4(195 228 789 756)
4(227 788 789 228)
4(196 229 790 757)
4(228 789 790 229)
4(229 790 791 230)
4(199 232 793 760)
4(231 792 793 232)
4(200 233 794 761)
4(232 793 794 233)
4(201 234 795 762)
4(233 794 795 234)
4(202 235 796 763)
4(234 795 796 235)
4(203 236 797 764)
4(235 796 797 236)
4(204 237 798 765)
4(236 797 798 237)
4(205 238 799 766)
4(237 798 799 238)
4(206 239 800 767)
4(238 799 800 239)
4(207 240 801 768)
4(239 800 801 240)
4(208 241 802 769)
4(240 801 802 241)
4(209 242 803 770)
4(241 802 803 242)
4(210 243 804 771)
4(242 803 804 243)
4(211 244 805 772)
4(243 804 805 244)
4(212 245 806 773)
4(244 805 806 245)
4(213 246 807 774)
4(245 806 807 246)
4(214 247 808 775)
4(246 807 808 247)
4(215 248 809 776)
4(247 808 809 248)
4(216 249 810 777)
4(248 809 810 249)
4(217 250 811 778)
4(249 810 811 250)
4(218 251 812 779)
4(250 811 812 251)
4(219 252 813 780)
4(251 812 813 252)
4(220 253 814 781)
4(252 813 814 253)
4(221 254 815 782)
4(253 814 815 254)
4(222 255 816 783)
4(254 815 816 255)
4(223 256 817 784)
4(255 816 817 256)
4(224 257 818 785)
4(256 817 818 257)
4(225 258 819 786)
4(257 818 819 258)
4(226 259 820 787)
4(258 819 820 259)
4(227 260 821 788)
4(259 820 821 260)
4(228 261 822 789)
4(260 821 822 261)
4(229 262 823 790)
4(261 822 823 262)
4(262 823 824 263)
4(232 265 826 793)
4(264 825 826 265)
4(233 266 827 794)
4(265 826 827 266)
4(234 267 828 795)
4(266 827 828 267)
4(235 268 829 796)
4(267 828 829 268)
4(236 269 830 797)
4(268 829 830 269)
4(237 270 831 798)
4(269 830 831 270)
4(238 271 832 799)
4(270 831 832 271)
4(239 272 833 800)
4(271 832 833 272)
4(240 273 834 801)
4(272 833 834 273)
4(241 274 835 802)
4(273 834 835 274)
4(242 275 836 803)
4(274 835 836 275)
4(243 276 837 804)
4(275 836 837 276)
4(244 277 838 805)
4(276 837 838 277)
4(245 278 839 806)
4(277 838 839 278)
4(246 279 840 807)
4(278 839 840 279)
4(247 280 841 808)
4(279 840 841 280)
4(248 281 842 809)
4(280 841 842 281)
4(249 282 843 810)
4(281 842 843 282)
4(250 283 844 811)
4(282 843 844 283)
4(251 284 845 812)
4(283 844 845 284)
4(252 285 846 813)
4(284 845 846 285)
4(253 286 847 814)
4(285 846 847 286)
4(254 287 848 815)
4(286 847 848 287)
4(255 288 849 816)
4(287 848 849 288)
4(256 289 850 817)
4(288 849 850 289)
4(257 290 851 818)
4(289 850 851 290)
4(258 291 852 819)
4(290 851 852 291)
4(259 292 853 820)
4(291 852 853 292)
4(260 293 854 821)
4(292 853 854 293)
4(261 294 855 822)
4(293 854 855 294)
4(262 295 856 823)
4(294 855 856 295)
4(295 856 857 296)
4(265 298 859 826)
4(297 858 859 298)
4(266 299 860 827)
4(298 859 860 299)
4(267 300 861 828)
4(299 860 861 300)
4(268 301 862 829)
4(300 861 862 301)
4(269 302 863 830)
4(301 862 863 302)
4(270 303 864 831)
4(302 863 864 303)
4(271 304 865 832)
4(303 864 865 304)
4(272 305 866 833)
4(304 865 866 305)
4(273 306 867 834)
4(305 866 867 306)
4(274 307 868 835)
4(306 867 868 307)
4(275 308 869 836)
4(307 868 869 308)
4(276 309 870 837)
4(308 869 870 309)
4(277 310 871 838)
4(309 870 871 310)
4(278 311 872 839)
4(310 871 872 311)
4(279 312 873 840)
4(311 872 873 312)
4(280 313 874 841)
4(312 873 874 313)
4(281 314 875 842)
4(313 874 875 314)
4(282 315 876 843)
4(314 875 876 315)
4(283 316 877 844)
4(315 876 877 316)
4(284 317 878 845)
4(316 877 878 317)
4(285 318 879 846)
4(317 878 879 318)
4(286 319 880 847)
4(318 879 880 319)
4(287 320 881 848)
4(319 880 881 320)
4(288 321 882 849)
4(320 881 882 321)
4(289 322 883 850)
4(321 882 883 322)
4(290 323 884 851)
4(322 883 884 323)
4(291 324 885 852)
4(323 884 885 324)
4(292 325 886 853)
4(324 885 886 325)
4(293 326 887 854)
4(325 886 887 326)
4(294 327 888 855)
4(326 887 888 327)
4(295 328 889 856)
4(327 888 889 328)
4(328 889 890 329)
4(298 331 892 859)
4(330 891 892 331)
4(299 332 893 860)
4(331 892 893 332)
4(300 333 894 861)
4(332 893 894 333)
4(301 334 895 862)
4(333 894 895 334)
4(302 335 896 863)
4(334 895 896 335)
4(303 336 897 864)
4(335 896 897 336)
4(304 337 898 865)
4(336 897 898 337)
4(305 338 899 866)
4(337 898 899 338)
4(306 339 900 867)
4(338 899 900 339)
4(307 340 901 868)
4(339 900 901 340)
4(308 341 902 869)
4(340 901 902 341)
4(309 342 903 870)
4(341 902 903 342)
4(310 343 904 871)
4(342 903 904 343)
4(311 344 905 872)
4(343 904 905 344)
4(312 345 906 873)
4(344 905 906 345)
4(313 346 907 874)
4(345 906 907 346)
4(314 347 908 875)
4(346 907 908 347)
4(315 348 909 876)
4(347 908 909 348)
4(316 349 910 877)
4(348 909 910 349)
4(317 350 911 878)
4(349 910 911 350)
4(318 351 912 879)
4(350 911 912 351)
4(319 352 913 880)
4(351 912 913 352)
4(320 353 914 881)
4(352 913 914 353)
4(321 354 915 882)
4(353 914 915 354)
4(322 355 916 883)
4(354 915 916 355)
4(323 356 917 884)
4(355 916 917 356)
4(324 357 918 885)
4(356 917 918 357)
4(325 358 919 886)
4(357 918 919 358)
4(326 359 920 887)
4(358 919 920 359)
4(327 360 921 888)
4(359 920 921 360)
4(328 361 922 889)
4(360 921 922 361)
4(361 922 923 362)
4(331 364 925 892)
4(363 924 925 364)
4(332 365 926 893)
4(364 925 926 365)
4(333 366 927 894)
4(365 926 927 366)
4(334 367 928 895)
4(366 927 928 367)
4(335 368 929 896)
4(367 928 929 368)
4(336 369 930 897)
4(368 929 930 369)
4(337 370 931 898)
4(369 930 931 370)
4(338 371 932 899)
4(370 931 932 371)
4(339 372 933 900)
4(371 932 933 372)
4(340 373 934 901)
4(372 933 934 373)
4(341 374 935 902)
4(373 934 935 374)
4(342 375 936 903)
4(374 935 936 375)
4(343 376 937 904)
4(375 936 937 376)
4(344 377 938 905)
4(376 937 938 377)
4(345 378 939 906)
4(377 938 939 378)
4(346 379 940 907)
4(378 939 940 379)
4(347 380 941 908)
4(379 940 941 380)
4(348 381 942 909)
4(380 941 942 381)
4(349 382 943 910)
4(381 942 943 382)
4(350 383 944 911)
4(382 943 944 383)
4(351 384 945 912)
4(383 944 945 384)
4(352 385 946 913)
4(384 945 946 385)
4(353 386 947 914)
4(385 946 947 386)
4(354 387 948 915)
4(386 947 948 387)
4(355 388 949 916)
4(387 948 949 388)
4(356 389 950 917)
4(388 949 950 389)
4(357 390 951 918)
4(389 950 951 390)
4(358 391 952 919)
4(390 951 952 391)
4(359 392 953 920)
4(391 952 953 392)
4(360 393 954 921)
4(392 953 954 393)
4(361 394 955 922)
4(393 954 955 394)
4(394 955 956 395)
4(364 397 958 925)
4(396 957 958 397)
4(365 398 959 926)
4(397 958 959 398)
4(366 399 960 927)
4(398 959 960 399)
4(367 400 961 928)
4(399 960 961 400)
4(368 401 962 929)
4(400 961 962 401)
4(369 402 963 930)
4(401 962 963 402)
4(370 403 964 931)
4(402 963 964 403)
4(371 404 965 932)
4(403 964 965 404)
4(372 405 966 933)
4(404 965 966 405)
4(373 406 967 934)
4(405 966 967 406)
4(374 407 968 935)
4(406 967 968 407)
4(375 408 969 936)
4(407 968 969 408)
4(376 409 970 937)
4(408 969 970 409)
4(377 410 971 938)
4(409 970 971 410)
4(378 411 972 939)
4(410 971 972 411)
4(379 412 973 940)
4(411 972 973 412)
4(380 413 974 941)
4(412 973 974 413)
4(381 414 975 942)
4(413 974 975 414)
4(382 415 976 943)
4(414 975 976 415)
4(383 416 977 944)
4(415 976 977 416)
4(384 417 978 945)
4(416 977 978 417)
4(385 418 979 946)
4(417 978 979 418)
4(386 419 980 947)
4(418 979 980 419)
4(387 420 981 948)
4(419 980 981 420)
4(388 421 982 949)
4(420 981 982 421)
4(389 422 983 950)
4(421 982 983 422)
4(390 423 984 951)
4(422 983 984 423)
4(391 424 985 952)
4(423 984 985 424)
4(392 425 986 953)
4(424 985 986 425)
4(393 426 987 954)
4(425 986 987 426)
4(394 427 988 955)
4(426 987 988 427)
4(427 988 989 428)
4(397 430 991 958)
4(429 990 991 430)
4(398 431 992 959)
4(430 991 992 431)
4(399 432 993 960)
4(431 992 993 432)
4(400 433 994 961)
4(432 993 994 433)
4(401 434 995 962)
4(433 994 995 434)
4(402 435 996 963)
4(434 995 996 435)
4(403 436 997 964)
4(435 996 997 436)
4(404 437 998 965)
4(436 997 998 437)
4(405 438 999 966)
4(437 998 999 438)
4(406 439 1000 967)
4(438 999 1000 439)
4(407 440 1001 968)
4(439 1000 1001 440)
4(408 441 1002 969)
4(440 1001 1002 441)
4(409 442 1003 970)
4(441 1002 1003 442)
4(410 443 1004 971)
4(442 1003 1004 443)
4(411 444 1005 972)
4(443 1004 1005 444)
4(412 445 1006 973)
4(444 1005 1006 445)
4(413 446 1007 974)
4(445 1006 1007 446)
4(414 447 1008 975)
4(446 1007 1008 447)
4(415 448 1009 976)
4(447 1008 1009 448)
4(416 449 1010 977)
4(448 1009 1010 449)
4(417 450 1011 978)
4(449 1010 1011 450)
4(418 451 1012 979)
4(450 1011 1012 451)
4(419 452 1013 980)
4(451 1012 1013 452)
4(420 453 1014 981)
4(452 1013 1014 453)
4(421 454 1015 982)
4(453 1014 1015 454)
4(422 455 1016 983)
4(454 1015 1016 455)
4(423 456 1017 984)
4(455 1016 1017 456)
4(424 457 1018 985)
4(456 1017 1018 457)
4(425 458 1019 986)
4(457 1018 1019 458)
4(426 459 1020 987)
4(458 1019 1020 459)
4(427 460 1021 988)
4(459 1020 1021 460)
4(460 1021 1022 461)
4(430 463 1024 991)
4(462 1023 1024 463)
4(431 464 1025 992)
4(463 1024 1025 464)
4(432 465 1026 993)
4(464 1025 1026 465)
4(433 466 1027 994)
4(465 1026 1027 466)
4(434 467 1028 995)
4(466 1027 1028 467)
4(435 468 1029 996)
4(467 1028 1029 468)
4(436 469 1030 997)
4(468 1029 1030 469)
4(437 470 1031 998)
4(469 1030 1031 470)
4(438 471 1032 999)
4(470 1031 1032 471)
4(439 472 1033 1000)
4(471 1032 1033 472)
4(440 473 1034 1001)
4(472 1033 1034 473)
4(441 474 1035 1002)
4(473 1034 1035 474)
4(442 475 1036 1003)
4(474 1035 1036 475)
4(443 476 1037 1004)
4(475 1036 1037 476)
4(444 477 1038 1005)
4(476 1037 1038 477)
4(445 478 1039 1006)
4(477 1038 1039 478)
4(446 479 1040 1007)
4(478 1039 1040 479)
4(447 480 1041 1008)
4(479 1040 1041 480)
4(448 481 1042 1009)
4(480 1041 1042 481)
4(449 482 1043 1010)
4(481 1042 1043 482)
4(450 483 1044 1011)
4(482 1043 1044 483)
4(451 484 1045 1012)
4(483 1044 1045 484)
4(452 485 1046 1013)
4(484 1045 1046 485)
4(453 486 1047 1014)
4(485 1046 1047 486)
4(454 487 1048 1015)
4(486 1047 1048 487)
4(455 488 1049 1016)
4(487 1048 1049 488)
4(456 489 1050 1017)
4(488 1049 1050 489)
4(457 490 1051 1018)
4(489 1050 1051 490)
4(458 491 1052 1019)
4(490 1051 1052 491)
4(459 492 1053 1020)
4(491 1052 1053 492)
4(460 493 1054 1021)
4(492 1053 1054 493)
4(493 1054 1055 494)
4(463 496 1057 1024)
4(495 1056 1057 496)
4(464 497 1058 1025)
4(496 1057 1058 497)
4(465 498 1059 1026)
4(497 1058 1059 498)
4(466 499 1060 1027)
4(498 1059 1060 499)
4(467 500 1061 1028)
4(499 1060 1061 500)
4(468 501 1062 1029)
4(500 1061 1062 501)
4(469 502 1063 1030)
4(501 1062 1063 502)
4(470 503 1064 1031)
4(502 1063 1064 503)
4(471 504 1065 1032)
4(503 1064 1065 504)
4(472 505 1066 1033)
4(504 1065 1066 505)
4(473 506 1067 1034)
4(505 1066 1067 506)
4(474 507 1068 1035)
4(506 1067 1068 507)
4(475 508 1069 1036)
4(507 1068 1069 508)
4(476 509 1070 1037)
4(508 1069 1070 509)
4(477 510 1071 1038)
4(509 1070 1071 510)
4(478 511 1072 1039)
4(510 1071 1072 511)
4(479 512 1073 1040)
4(511 1072 1073 512)
4(480 513 1074 1041)
4(512 1073 1074 513)
4(481 514 1075 1042)
4(513 1074 1075 514)
4(482 515 1076 1043)
4(514 1075 1076 515)
4(483 516 1077 1044)
4(515 1076 1077 516)
4(484 517 1078 1045)
4(516 1077 1078 517)
4(485 518 1079 1046)
4(517 1078 1079 518)
4(486 519 1080 1047)
4(518 1079 1080 519)
4(487 520 1081 1048)
4(519 1080 1081 520)
4(488 521 1082 1049)
4(520 1081 1082 521)
4(489 522 1083 1050)
4(521 1082 1083 522)
4(490 523 1084 1051)
4(522 1083 1084 523)
4(491 524 1085 1052)
4(523 1084 1085 524)
4(492 525 1086 1053)
4(524 1085 1086 525)
4(493 526 1087 1054)
4(525 1086 1087 526)
4(526 1087 1088 527)
4(496 529 1090 1057)
4(497 530 1091 1058)
4(498 531 1092 1059)
4(499 532 1093 1060)
4(500 533 1094 1061)
4(501 534 1095 1062)
4(502 535 1096 1063)
4(503 536 1097 1064)
4(504 537 1098 1065)
4(505 538 1099 1066)
4(506 539 1100 1067)
4(507 540 1101 1068)
4(508 541 1102 1069)
4(509 542 1103 1070)
4(510 543 1104 1071)
4(511 544 1105 1072)
4(512 545 1106 1073)
4(513 546 1107 1074)
4(514 547 1108 1075)
4(515 548 1109 1076)
4(516 549 1110 1077)
4(517 550 1111 1078)
4(518 551 1112 1079)
4(519 552 1113 1080)
4(520 553 1114 1081)
4(521 554 1115 1082)
4(522 555 1116 1083)
4(523 556 1117 1084)
4(524 557 1118 1085)
4(525 558 1119 1086)
4(526 559 1120 1087)
4(0 561 594 33)
4(33 594 627 66)
4(66 627 660 99)
4(99 660 693 132)
4(132 693 726 165)
4(165 726 759 198)
4(198 759 792 231)
4(231 792 825 264)
4(264 825 858 297)
4(297 858 891 330)
4(330 891 924 363)
4(363 924 957 396)
4(396 957 990 429)
4(429 990 1023 462)
4(462 1023 1056 495)
4(495 1056 1089 528)
4(32 65 626 593)
4(65 98 659 626)
4(98 131 692 659)
4(131 164 725 692)
4(164 197 758 725)
4(197 230 791 758)
4(230 263 824 791)
4(263 296 857 824)
4(296 329 890 857)
4(329 362 923 890)
4(362 395 956 923)
4(395 428 989 956)
4(428 461 1022 989)
4(461 494 1055 1022)
4(494 527 1088 1055)
4(527 560 1121 1088)
4(528 1089 1090 529)
4(529 1090 1091 530)
4(530 1091 1092 531)
4(531 1092 1093 532)
4(532 1093 1094 533)
4(533 1094 1095 534)
4(534 1095 1096 535)
4(535 1096 1097 536)
4(536 1097 1098 537)
4(537 1098 1099 538)
4(538 1099 1100 539)
4(539 1100 1101 540)
4(540 1101 1102 541)
4(541 1102 1103 542)
4(542 1103 1104 543)
4(543 1104 1105 544)
4(544 1105 1106 545)
4(545 1106 1107 546)
4(546 1107 1108 547)
4(547 1108 1109 548)
4(548 1109 1110 549)
4(549 1110 1111 550)
4(550 1111 1112 551)
4(551 1112 1113 552)
4(552 1113 1114 553)
4(553 1114 1115 554)
4(554 1115 1116 555)
4(555 1116 1117 556)
4(556 1117 1118 557)
4(557 1118 1119 558)
4(558 1119 1120 559)
4(559 1120 1121 560)
4(0 1 562 561)
4(1 2 563 562)
4(2 3 564 563)
4(3 4 565 564)
4(4 5 566 565)
4(5 6 567 566)
4(6 7 568 567)
4(7 8 569 568)
4(8 9 570 569)
4(9 10 571 570)
4(10 11 572 571)
4(11 12 573 572)
4(12 13 574 573)
4(13 14 575 574)
4(14 15 576 575)
4(15 16 577 576)
4(16 17 578 577)
4(17 18 579 578)
4(18 19 580 579)
4(19 20 581 580)
4(20 21 582 581)
4(21 22 583 582)
4(22 23 584 583)
4(23 24 585 584)
4(24 25 586 585)
4(25 26 587 586)
4(26 27 588 587)
4(27 28 589 588)
4(28 29 590 589)
4(29 30 591 590)
4(30 31 592 591)
4(31 32 593 592)
4(0 33 34 1)
4(33 66 67 34)
4(66 99 100 67)
4(99 132 133 100)
4(132 165 166 133)
4(165 198 199 166)
4(198 231 232 199)
4(231 264 265 232)
4(264 297 298 265)
4(297 330 331 298)
4(330 363 364 331)
4(363 396 397 364)
4(396 429 430 397)
4(429 462 463 430)
4(462 495 496 463)
4(495 528 529 496)
4(1 34 35 2)
4(34 67 68 35)
4(67 100 101 68)
4(100 133 134 101)
4(133 166 167 134)
4(166 199 200 167)
4(199 232 233 200)
4(232 265 266 233)
4(265 298 299 266)
4(298 331 332 299)
4(331 364 365 332)
4(364 397 398 365)
4(397 430 431 398)
4(430 463 464 431)
4(463 496 497 464)
4(496 529 530 497)
4(2 35 36 3)
4(35 68 69 36)
4(68 101 102 69)
4(101 134 135 102)
4(134 167 168 135)
4(167 200 201 168)
4(200 233 234 201)
4(233 266 267 234)
4(266 299 300 267)
4(299 332 333 300)
4(332 365 366 333)
4(365 398 399 366)
4(398 431 432 399)
4(431 464 465 432)
4(464 497 498 465)
4(497 530 531 498)
4(3 36 37 4)
4(36 69 70 37)
4(69 102 103 70)
4(102 135 136 103)
4(135 168 169 136)
4(168 201 202 169)
4(201 234 235 202)
4(234 267 268 235)
4(267 300 301 268)
4(300 333 334 301)
4(333 366 367 334)
4(366 399 400 367)
4(399 432 433 400)
4(432 465 466 433)
4(465 498 499 466)
4(498 531 532 499)
4(4 37 38 5)
4(37 70 71 38)
4(70 103 104 71)
4(103 136 137 104)
4(136 169 170 137)
4(169 202 203 170)
4(202 235 236 203)
4(235 268 269 236)
4(268 301 302 269)
4(301 334 335 302)
4(334 367 368 335)
4(367 400 401 368)
4(400 433 434 401)
4(433 466 467 434)
4(466 499 500 467)
4(499 532 533 500)
4(5 38 39 6)
4(38 71 72 39)
4(71 104 105 72)
4(104 137 138 105)
4(137 170 171 138)
4(170 203 204 171)
4(203 236 237 204)
4(236 269 270 237)
4(269 302 303 270)
4(302 335 336 303)
4(335 368 369 336)
4(368 401 402 369)
4(401 434 435 402)
4(434 467 468 435)
4(467 500 501 468)
4(500 533 534 501)
4(6 39 40 7)
4(39 72 73 40)
4(72 105 106 73)
4(105 138 139 106)
4(138 171 172 139)
4(171 204 205 172)
4(204 237 238 205)
4(237 270 271 238)
4(270 303 304 271)
4(303 336 337 304)
4(336 369 370 337)
4(369 402 403 370)
4(402 435 436 403)
4(435 468 469 436)
4(468 501 502 469)
4(501 534 535 502)
4(7 40 41 8)
4(40 73 74 41)
4(73 106 107 74)
4(106 139 140 107)
4(139 172 173 140)
4(172 205 206 173)
4(205 238 239 206)
4(238 271 272 239)
4(271 304 305 272)
4(304 337 338 305)
4(337 370 371 338)
4(370 403 404 371)
4(403 436 437 404)
4(436 469 470 437)
4(469 502 503 470)
4(502 535 536 503)
4(8 41 42 9)
4(41 74 75 42)
4(74 107 108 75)
4(107 140 141 108)
4(140 173 174 141)
4(173 206 207 174)
4(206 239 240 207)
4(239 272 273 240)
4(272 305 306 273)
4(305 338 339 306)
4(338 371 372 339)
4(371 404 405 372)
4(404 437 438 405)
4(437 470 471 438)
4(470 503 504 471)
4(503 536 537 504)
4(9 42 43 10)
4(42 75 76 43)
4(75 108 109 76)
4(108 141 142 109)
4(141 174 175 142)
4(174 207 208 175)
4(207 240 241 208)
4(240 273 274 241)
4(273 306 307 274)
4(306 339 340 307)
4(339 372 373 340)
4(372 405 406 373)
4(405 438 439 406)
4(438 471 472 439)
4(471 504 505 472)
4(504 537 538 505)
4(10 43 44 11)
4(43 76 77 44)
4(76 109 110 77)
4(109 142 143 110)
4(142 175 176 143)
4(175 208 209 176)
4(208 241 242 209)
4(241 274 275 242)
4(274 307 308 275)
4(307 340 341 308)
4(340 373 374 341)
4(373 406 407 374)
4(406 439 440 407)
4(439 472 473 440)
4(472 505 506 473)
4(505 538 539 506)
4(11 44 45 12)
4(44 77 78 45)
4(77 110 111 78)
4(110 143 144 111)
4(143 176 177 144)
4(176 209 210 177)
4(209 242 243 210)
4(242 275 276 243)
4(275 308 309 276)
4(308 341 342 309)
4(341 374 375 342)
4(374 407 408 375)
4(407 440 441 408)
4(440 473 474 441)
4(473 506 507 474)
4(506 539 540 507)
4(12 45 46 13)
4(45 78 79 46)
4(78 111 112 79)
4(111 144 145 112)
4(144 177 178 145)
4(177 210 211 178)
4(210 243 244 211)
4(243 276 277 244)
4(276 309 310 277)
4(309 342 343 310)
4(342 375 376 343)
4(375 408 409 376)
4(408 441 442 409)
4(441 474 475 442)
4(474 507 508 475)
4(507 540 541 508)
4(13 46 47 14)
4(46 79 80 47)
4(79 112 113 80)
4(112 145 146 113)
4(145 178 179 146)
4(178 211 212 179)
4(211 244 245 212)
4(244 277 278 245)
4(277 310 311 278)
4(310 343 344 311)
4(343 376 377 344)
4(376 409 410 377)
4(409 442 443 410)
4(442 475 476 443)
4(475 508 509 476)
4(508 541 542 509)
4(14 47 48 15)
4(47 80 81 48)
4(80 113 114 81)
4(113 146 147 114)
4(146 179 180 147)
4(179 212 213 180)
4(212 245 246 213)
4(245 278 279 246)
4(278 311 312 279)
4(311 344 345 312)
4(344 377 378 345)
4(377 410 411 378)
4(410 443 444 411)
4(443 476 477 444)
4(476 509 510 477)
4(509 542 543 510)
4(15 48 49 16)
4(48 81 82 49)
4(81 114 115 82)
4(114 147 148 115)
4(147 180 181 148)
4(180 213 214 181)
4(213 246 247 214)
4(246 279 280 247)
4(279 312 313 280)
4(312 345 346 313)
4(345 378 379 346)
4(378 411 412 379)
4(411 444 445 412)
4(444 477 478 445)
4(477 510 511 478)
4(510 543 544 511)
4(16 49 50 17)
4(49 82 83 50)
4(82 115 116 83)
4(115 148 149 116)
4(148 181 182 149)
4(181 214 215 182)
4(214 247 248 215)
4(247 280 281 248)
4(280 313 314 281)
4(313 346 347 314)
4(346 379 380 347)
4(379 412 413 380)
4(412 445 446 413)
4(445 478 479 446)
4(478 511 512 479)
4(511 544 545 512)
4(17 50 51 18)
4(50 83 84 51)
4(83 116 117 84)
4(116 149 150 117)
4(149 182 183 150)
4(182 215 216 183)
4(215 248 249 216)
4(248 281 282 249)
4(281 314 315 282)
4(314 347 348 315)
4(347 380 381 348)
4(380 413 414 381)
4(413 446 447 414)
4(446 479 480 447)
4(479 512 513 480)
4(512 545 546 513)
4(18 51 52 19)
4(51 84 85 52)
4(84 117 118 85)
4(117 150 151 118)
4(150 183 184 151)
4(183 216 217 184)
4(216 249 250 217)
4(249 282 283 250)
4(282 315 316 283)
4(315 348 349 316)
4(348 381 382 349)
4(381 414 415 382)
4(414 447 448 415)
4(447 480 481 448)
4(480 513 514 481)
4(513 546 547 514)
4(19 52 53 20)
4(52 85 86 53)
4(85 118 119 86)
4(118 151 152 119)
4(151 184 185 152)
4(184 217 218 185)
4(217 250 251 218)
4(250 283 284 251)
4(283 316 317 284)
4(316 349 350 317)
4(349 382 383 350)
4(382 415 416 383)
4(415 448 449 416)
4(448 481 482 449)
4(481 514 515 482)
4(514 547 548 515)
4(20 53 54 21)
4(53 86 87 54)
4(86 119 120 87)
4(119 152 153 120)
4(152 185 186 153)
4(185 218 219 186)
4(218 251 252 219)
4(251 284 285 252)
4(284 317 318 285)
4(317 350 351 318)
4(350 383 384 351)
4(383 416 417 384)
4(416 449 450 417)
4(449 482 483 450)
4(482 515 516 483)
4(515 548 549 516)
4(21 54 55 22)
4(54 87 88 55)
4(87 120 121 88)
4(120 153 154 121)
4(153 186 187 154)
4(186 219 220 187)
4(219 252 253 220)
4(252 285 286 253)
4(285 318 319 286)
4(318 351 352 319)
4(351 384 385 352)
4(384 417 418 385)
4(417 450 451 418)
4(450 483 484 451)
4(483 516 517 484)
4(516 549 550 517)
4(22 55 56 23)
4(55 88 89 56)
4(88 121 122 89)
4(121 154 155 122)
4(154 187 188 155)
4(187 220 221 188)
4(220 253 254 221)
4(253 286 287 254)
4(286 319 320 287)
4(319 352 353 320)
4(352 385 386 353)
4(385 418 419 386)
4(418 451 452 419)
4(451 484 485 452)
4(484 517 518 485)
4(517 550 551 518)
4(23 56 57 24)
4(56 89 90 57)
4(89 122 123 90)
4(122 155 156 123)
4(155 188 189 156)
4(188 221 222 189)
4(221 254 255 222)
4(254 287 288 255)
4(287 320 321 288)
4(320 353 354 321)
4(353 386 387 354)
4(386 419 420 387)
4(419 452 453 420)
4(452 485 486 453)
4(485 518 519 486)
4(518 551 552 519)
4(24 57 58 25)
4(57 90 91 58)
4(90 123 124 91)
4(123 156 157 124)
4(156 189 190 157)
4(189 222 223 190)
4(222 255 256 223)
4(255 288 289 256)
4(288 321 322 289)
4(321 354 355 322)
4(354 387 388 355)
4(387 420 421 388)
4(420 453 454 421)
4(453 486 487 454)
4(486 519 520 487)
4(519 552 553 520)
4(25 58 59 26)
4(58 91 92 59)
4(91 124 125 92)
4(124 157 158 125)
4(157 190 191 158)
4(190 223 224 191)
4(223 256 257 224)
4(256 289 290 257)
4(289 322 323 290)
4(322 355 356 323)
4(355 388 389 356)
4(388 421 422 389)
4(421 454 455 422)
4(454 487 488 455)
4(487 520 521 488)
4(520 553 554 521)
4(26 59 60 27)
4(59 92 93 60)
4(92 125 126 93)
4(125 158 159 126)
4(158 191 192 159)
4(191 224 225 192)
4(224 257 258 225)
4(257 290 291 258)
4(290 323 324 291)
4(323 356 357 324)
4(356 389 390 357)
4(389 422 423 390)
4(422 455 456 423)
4(455 488 489 456)
4(488 521 522 489)
4(521 554 555 522)
4(27 60 61 28)
4(60 93 94 61)
4(93 126 127 94)
4(126 159 160 127)
4(159 192 193 160)
4(192 225 226 193)
4(225 258 259 226)
4(258 291 292 259)
4(291 324 325 292)
4(324 357 358 325)
4(357 390 391 358)
4(390 423 424 391)
4(423 456 457 424)
4(456 489 490 457)
4(489 522 523 490)
4(522 555 556 523)
4(28 61 62 29)
4(61 94 95 62)
4(94 127 128 95)
4(127 160 161 128)
4(160 193 194 161)
4(193 226 227 194)
4(226 259 260 227)
4(259 292 293 260)
4(292 325 326 293)
4(325 358 359 326)
4(358 391 392 359)
4(391 424 425 392)
4(424 457 458 425)
4(457 490 491 458)
4(490 523 524 491)
4(523 556 557 524)
4(29 62 63 30)
4(62 95 96 63)
4(95 128 129 96)
4(128 161 162 129)
4(161 194 195 162)
4(194 227 228 195)
4(227 260 261 228)
4(260 293 294 261)
4(293 326 327 294)
4(326 359 360 327)
4(359 392 393 360)
4(392 425 426 393)
4(425 458 459 426)
4(458 491 492 459)
4(491 524 525 492)
4(524 557 558 525)
4(30 63 64 31)
4(63 96 97 64)
4(96 129 130 97)
4(129 162 163 130)
4(162 195 196 163)
4(195 228 229 196)
4(228 261 262 229)
4(261 294 295 262)
4(294 327 328 295)
4(327 360 361 328)
4(360 393 394 361)
4(393 426 427 394)
4(426 459 460 427)
4(459 492 493 460)
4(492 525 526 493)
4(525 558 559 526)
4(31 64 65 32)
4(64 97 98 65)
4(97 130 131 98)
4(130 163 164 131)
4(163 196 197 164)
4(196 229 230 197)
4(229 262 263 230)
4(262 295 296 263)
4(295 328 329 296)
4(328 361 362 329)
4(361 394 395 362)
4(394 427 428 395)
4(427 460 461 428)
4(460 493 494 461)
4(493 526 527 494)
4(526 559 560 527)
4(561 562 595 594)
4(594 595 628 627)
4(627 628 661 660)
4(660 661 694 693)
4(693 694 727 726)
4(726 727 760 759)
4(759 760 793 792)
4(792 793 826 825)
4(825 826 859 858)
4(858 859 892 891)
4(891 892 925 924)
4(924 925 958 957)
4(957 958 991 990)
4(990 991 1024 1023)
4(1023 1024 1057 1056)
4(1056 1057 1090 1089)
4(562 563 596 595)
4(595 596 629 628)
4(628 629 662 661)
4(661 662 695 694)
4(694 695 728 727)
4(727 728 761 760)
4(760 761 794 793)
4(793 794 827 826)
4(826 827 860 859)
4(859 860 893 892)
4(892 893 926 925)
4(925 926 959 958)
4(958 959 992 991)
4(991 992 1025 1024)
4(1024 1025 1058 1057)
4(1057 1058 1091 1090)
4(563 564 597 596)
4(596 597 630 629)
4(629 630 663 662)
4(662 663 696 695)
4(695 696 729 728)
4(728 729 762 761)
4(761 762 795 794)
4(794 795 828 827)
4(827 828 861 860)
4(860 861 894 893)
4(893 894 927 926)
4(926 927 960 959)
4(959 960 993 992)
4(992 993 1026 1025)
4(1025 1026 1059 1058)
4(1058 1059 1092 1091)
4(564 565 598 597)
4(597 598 631 630)
4(630 631 664 663)
4(663 664 697 696)
4(696 697 730 729)
4(729 730 763 762)
4(762 763 796 795)
4(795 796 829 828)
4(828 829 862 861)
4(861 862 895 894)
4(894 895 928 927)
4(927 928 961 960)
4(960 961 994 993)
4(993 994 1027 1026)
4(1026 1027 1060 1059)
4(1059 1060 1093 1092)
4(565 566 599 598)
4(598 599 632 631)
4(631 632 665 664)
4(664 665 698 697)
4(697 698 731 730)
4(730 731 764 763)
4(763 764 797 796)
4(796 797 830 829)
4(829 830 863 862)
4(862 863 896 895)
4(895 896 929 928)
4(928 929 962 961)
4(961 962 995 994)
4(994 995 1028 1027)
4(1027 1028 1061 1060)
4(1060 1061 1094 1093)
4(566 567 600 599)
4(599 600 633 632)
4(632 633 666 665)
4(665 666 699 698)
4(698 699 732 731)
4(731 732 765 764)
4(764 765 798 797)
4(797 798 831 830)
4(830 831 864 863)
4(863 864 897 896)
4(896 897 930 929)
4(929 930 963 962)
4(962 963 996 995)
4(995 996 1029 1028)
4(1028 1029 1062 1061)
4(1061 1062 1095 1094)
4(567 568 601 600)
4(600 601 634 633)
4(633 634 667 666)
4(666 667 700 699)
4(699 700 733 732)
4(732 733 766 765)
4(765 766 799 798)
4(798 799 832 831)
4(831 832 865 864)
4(864 865 898 897)
4(897 898 931 930)
4(930 931 964 963)
4(963 964 997 996)
4(996 997 1030 1029)
4(1029 1030 1063 1062)
4(1062 1063 1096 1095)
4(568 569 602 601)
4(601 602 635 634)
4(634 635 668 667)
4(667 668 701 700)
4(700 701 734 733)
4(733 734 767 766)
4(766 767 800 799)
4(799 800 833 832)
4(832 833 866 865)
4(865 866 899 898)
4(898 899 932 931)
4(931 932 965 964)
4(964 965 998 997)
4(997 998 1031 1030)
4(1030 1031 1064 1063)
4(1063 1064 1097 1096)
4(569 570 603 602)
4(602 603 636 635)
4(635 636 669 668)
4(668 669 702 701)
4(701 702 735 734)
4(734 735 768 767)
4(767 768 801 800)
4(800 801 834 833)
4(833 834 867 866)
4(866 867 900 899)
4(899 900 933 932)
4(932 933 966 965)
4(965 966 999 998)
4(998 999 1032 1031)
4(1031 1032 1065 1064)
4(1064 1065 1098 1097)
4(570 571 604 603)
4(603 604 637 636)
4(636 637 670 669)
4(669 670 703 702)
4(702 703 736 735)
4(735 736 769 768)
4(768 769 802 801)
4(801 802 835 834)
4(834 835 868 867)
4(867 868 901 900)
4(900 901 934 933)
4(933 934 967 966)
4(966 967 1000 999)
4(999 1000 1033 1032)
4(1032 1033 1066 1065)
4(1065 1066 1099 1098)
4(571 572 605 604)
4(604 605 638 637)
4(637 638 671 670)
4(670 671 704 703)
4(703 704 737 736)
4(736 737 770 769)
4(769 770 803 802)
4(802 803 836 835)
4(835 836 869 868)
4(868 869 902 901)
4(901 902 935 934)
4(934 935 968 967)
4(967 968 1001 1000)
4(1000 1001 1034 1033)
4(1033 1034 1067 1066)
4(1066 1067 1100 1099)
4(572 573 606 605)
4(605 606 639 638)
4(638 639 672 671)
4(671 672 705 704)
4(704 705 738 737)
4(737 738 771 770)
4(770 771 804 803)
4(803 804 837 836)
4(836 837 870 869)
4(869 870 903 902)
4(902 903 936 935)
4(935 936 969 968)
4(968 969 1002 1001)
4(1001 1002 1035 1034)
4(1034 1035 1068 1067)
4(1067 1068 1101 1100)
4(573 574 607 606)
4(606 607 640 639)
4(639 640 673 672)
4(672 673 706 705)
4(705 706 739 738)
4(738 739 772 771)
4(771 772 805 804)
4(804 805 838 837)
4(837 838 871 870)
4(870 871 904 903)
4(903 904 937 936)
4(936 937 970 969)
4(969 970 1003 1002)
4(1002 1003 1036 1035)
4(1035 1036 1069 1068)
4(1068 1069 1102 1101)
4(574 575 608 607)
4(607 608 641 640)
4(640 641 674 673)
4(673 674 707 706)
4(706 707 740 739)
4(739 740 773 772)
4(772 773 806 805)
4(805 806 839 838)
4(838 839 872 871)
4(871 872 905 904)
4(904 905 938 937)
4(937 938 971 970)
4(970 971 1004 1003)
4(1003 1004 1037 1036)
4(1036 1037 1070 1069)
4(1069 1070 1103 1102)
4(575 576 609 608)
4(608 609 642 641)
4(641 642 675 674)
4(674 675 708 707)
4(707 708 741 740)
4(740 741 774 773)
4(773 774 807 806)
4(806 807 840 839)
4(839 840 873 872)
4(872 873 906 905)
4(905 906 939 938)
4(938 939 972 971)
4(971 972 1005 1004)
4(1004 1005 1038 1037)
4(1037 1038 1071 1070)
4(1070 1071 1104 1103)
4(576 577 610 609)
4(609 610 643 642)
4(642 643 676 675)
4(675 676 709 708)
4(708 709 742 741)
4(741 742 775 774)
4(774 775 808 807)
4(807 808 841 840)
4(840 841 874 873)
4(873 874 907 906)
4(906 907 940 939)
4(939 940 973 972)
4(972 973 1006 1005)
4(1005 1006 1039 1038)
4(1038 1039 1072 1071)
4(1071 1072 1105 1104)
4(577 578 611 610)
4(610 611 644 643)
4(643 644 677 676)
4(676 677 710 709)
4(709 710 743 742)
4(742 743 776 775)
4(775 776 809 808)
4(808 809 842 841)
4(841 842 875 874)
4(874 875 908 907)
4(907 908 941 940)
4(940 941 974 973)
4(973 974 1007 1006)
4(1006 1007 1040 1039)
4(1039 1040 1073 1072)
4(1072 1073 1106 1105)
4(578 579 612 611)
4(611 612 645 644)
4(644 645 678 677)
4(677 678 711 710)
4(710 711 744 743)
4(743 744 777 776)
4(776 777 810 809)
4(809 810 843 842)
4(842 843 876 875)
4(875 876 909 908)
4(908 909 942 941)
4(941 942 975 974)
4(974 975 1008 1007)
4(1007 1008 1041 1040)
4(1040 1041 1074 1073)
4(1073 1074 1107 1106)
4(579 580 613 612)
4(612 613 646 645)
4(645 646 679 678)
4(678 679 712 711)
4(711 712 745 744)
4(744 745 778 777)
4(777 778 811 810)
4(810 811 844 843)
4(843 844 877 876)
4(876 877 910 909)
4(909 910 943 942)
4(942 943 976 975)
4(975 976 1009 1008)
4(1008 1009 1042 1041)
4(1041 1042 1075 1074)
4(1074 1075 1108 1107)
4(580 581 614 613)
4(613 614 647 646)
4(646 647 680 679)
4(679 680 713 712)
4(712 713 746 745)
4(745 746 779 778)
4(778 779 812 811)
4(811 812 845 844)
4(844 845 878 877)
4(877 878 911 910)
4(910 911 944 943)
4(943 944 977 976)
4(976 977 1010 1009)
4(1009 1010 1043 1042)
4(1042 1043 1076 1075)
4(1075 1076 1109 1108)
4(581 582 615 614)
4(614 615 648 647)
4(647 648 681 680)
4(680 681 714 713)
4(713 714 747 746)
4(746 747 780 779)
4(779 780 813 812)
4(812 813 846 845)
4(845 846 879 878)
4(878 879 912 911)
4(911 912 945 944)
4(944 945 978 977)
4(977 978 1011 1010)
4(1010 1011 1044 1043)
4(1043 1044 1077 1076)
4(1076 1077 1110 1109)
4(582 583 616 615)
4(615 616 649 648)
4(648 649 682 681)
4(681 682 715 714)
4(714 715 748 747)
4(747 748 781 780)
4(780 781 814 813)
4(813 814 847 846)
4(846 847 880 879)
4(879 880 913 912)
4(912 913 946 945)
4(945 946 979 978)
4(978 979 1012 1011)
4(1011 1012 1045 1044)
4(1044 1045 1078 1077)
4(1077 1078 1111 1110)
4(583 584 617 616)
4(616 617 650 649)
4(649 650 683 682)
4(682 683 716 715)
4(715 716 749 748)
4(748 749 782 781)
4(781 782 815 814)
4(814 815 848 847)
4(847 848 881 880)
4(880 881 914 913)
4(913 914 947 946)
4(946 947 980 979)
4(979 980 1013 1012)
4(1012 1013 1046 1045)
4(1045 1046 1079 1078)
4(1078 1079 1112 1111)
4(584 585 618 617)
4(617 618 651 650)
4(650 651 684 683)
4(683 684 717 716)
4(716 717 750 749)
4(749 750 783 782)
4(782 783 816 815)
4(815 816 849 848)
4(848 849 882 881)
4(881 882 915 914)
4(914 915 948 947)
4(947 948 981 980)
4(980 981 1014 1013)
4(1013 1014 1047 1046)
4(1046 1047 1080 1079)
4(1079 1080 1113 1112)
4(585 586 619 618)
4(618 619 652 651)
4(651 652 685 684)
4(684 685 718 717)
4(717 718 751 750)
4(750 751 784 783)
4(783 784 817 816)
4(816 817 850 849)
4(849 850 883 882)
4(882 883 916 915)
4(915 916 949 948)
4(948 949 982 981)
4(981 982 1015 1014)
4(1014 1015 1048 1047)
4(1047 1048 1081 1080)
4(1080 1081 1114 1113)
4(586 587 620 619)
4(619 620 653 652)
4(652 653 686 685)
4(685 686 719 718)
4(718 719 752 751)
4(751 752 785 784)
4(784 785 818 817)
4(817 818 851 850)
4(850 851 884 883)
4(883 884 917 916)
4(916 917 950 949)
4(949 950 983 982)
4(982 983 1016 1015)
4(1015 1016 1049 1048)
4(1048 1049 1082 1081)
4(1081 1082 1115 1114)
4(587 588 621 620)
4(620 621 654 653)
4(653 654 687 686)
4(686 687 720 719)
4(719 720 753 752)
4(752 753 786 785)
4(785 786 819 818)
4(818 819 852 851)
4(851 852 885 884)
4(884 885 918 917)
4(917 918 951 950)
4(950 951 984 983)
4(983 984 1017 1016)
4(1016 1017 1050 1049)
4(1049 1050 1083 1082)
4(1082 1083 1116 1115)
4(588 589 622 621)
4(621 622 655 654)
4(654 655 688 687)
4(687 688 721 720)
4(720 721 754 753)
4(753 754 787 786)
4(786 787 820 819)
4(819 820 853 852)
4(852 853 886 885)
4(885 886 919 918)
4(918 919 952 951)
4(951 952 985 984)
4(984 985 1018 1017)
4(1017 1018 1051 1050)
4(1050 1051 1084 1083)
4(1083 1084 1117 1116)
4(589 590 623 622)
4(622 623 656 655)
4(655 656 689 688)
4(688 689 722 721)
4(721 722 755 754)
4(754 755 788 787)
4(787 788 821 820)
4(820 821 854 853)
4(853 854 887 886)
4(886 887 920 919)
4(919 920 953 952)
4(952 953 986 985)
4(985 986 1019 1018)
4(1018 1019 1052 1051)
4(1051 1052 1085 1084)
4(1084 1085 1118 1117)
4(590 591 624 623)
4(623 624 657 656)
4(656 657 690 689)
4(689 690 723 722)
4(722 723 756 755)
4(755 756 789 788)
4(788 789 822 821)
4(821 822 855 854)
4(854 855 888 887)
4(887 888 921 920)
4(920 921 954 953)
4(953 954 987 986)
4(986 987 1020 1019)
4(1019 1020 1053 1052)
4(1052 1053 1086 1085)
4(1085 1086 1119 1118)
4(591 592 625 624)
4(624 625 658 657)
4(657 658 691 690)
4(690 691 724 723)
4(723 724 757 756)
4(756 757 790 789)
4(789 790 823 822)
4(822 823 856 855)
4(855 856 889 888)
4(888 889 922 921)
4(921 922 955 954)
4(954 955 988 987)
4(987 988 1021 1020)
4(1020 1021 1054 1053)
4(1053 1054 1087 1086)
4(1086 1087 1120 1119)
4(592 593 626 625)
4(625 626 659 658)
4(658 659 692 691)
4(691 692 725 724)
4(724 725 758 757)
4(757 758 791 790)
4(790 791 824 823)
4(823 824 857 856)
4(856 857 890 889)
4(889 890 923 922)
4(922 923 956 955)
4(955 956 989 988)
4(988 989 1022 1021)
4(1021 1022 1055 1054)
4(1054 1055 1088 1087)
4(1087 1088 1121 1120)
)


// ************************************************************************* //
