/*--------------------------------*- C++ -*----------------------------------*\
| =========                 |                                                 |
| \\      /  F ield         | OpenFOAM: The Open Source CFD Toolbox           |
|  \\    /   O peration     | Version:  v2006                                 |
|   \\  /    A nd           | Website:  www.openfoam.com                      |
|    \\/     M anipulation  |                                                 |
\*---------------------------------------------------------------------------*/
FoamFile
{
    version     2.0;
    format      ascii;
    class       labelList;
    note        "nPoints:1122  nCells:512  nFaces:2096  nInternalFaces:976";
    location    "constant/polyMesh";
    object      owner;
}
// * * * * * * * * * * * * * * * * * * * * * * * * * * * * * * * * * * * * * //


2096
(
0
0
1
1
2
2
3
3
4
4
5
5
6
6
7
7
8
8
9
9
10
10
11
11
12
12
13
13
14
14
15
15
16
16
17
17
18
18
19
19
20
20
21
21
22
22
23
23
24
24
25
25
26
26
27
27
28
28
29
29
30
30
31
32
32
33
33
34
34
35
35
36
36
37
37
38
38
39
39
40
40
41
41
42
42
43
43
44
44
45
45
46
46
47
47
48
48
49
49
50
50
51
51
52
52
53
53
54
54
55
55
56
56
57
57
58
58
59
59
60
60
61
61
62
62
63
64
64
65
65
66
66
67
67
68
68
69
69
70
70
71
71
72
72
73
73
74
74
75
75
76
76
77
77
78
78
79
79
80
80
81
81
82
82
83
83
84
84
85
85
86
86
87
87
88
88
89
89
90
90
91
91
92
92
93
93
94
94
95
96
96
97
97
98
98
99
99
100
100
101
101
102
102
103
103
104
104
105
105
106
106
107
107
108
108
109
109
110
110
111
111
112
112
113
113
114
114
115
115
116
116
117
117
118
118
119
119
120
120
121
121
122
122
123
123
124
124
125
125
126
126
127
128
128
129
129
130
130
131
131
132
132
133
133
134
134
135
135
136
136
137
137
138
138
139
139
140
140
141
141
142
142
143
143
144
144
145
145
146
146
147
147
148
148
149
149
150
150
151
151
152
152
153
153
154
154
155
155
156
156
157
157
158
158
159
160
160
161
161
162
162
163
163
164
164
165
165
166
166
167
167
168
168
169
169
170
170
171
171
172
172
173
173
174
174
175
175
176
176
177
177
178
178
179
179
180
180
181
181
182
182
183
183
184
184
185
185
186
186
187
187
188
188
189
189
190
190
191
192
192
193
193
194
194
195
195
196
196
197
197
198
198
199
199
200
200
201
201
202
202
203
203
204
204
205
205
206
206
207
207
208
208
209
209
210
210
211
211
212
212
213
213
214
214
215
215
216
216
217
217
218
218
219
219
220
220
221
221
222
222
223
224
224
225
225
226
226
227
227
228
228
229
229
230
230
231
231
232
232
233
233
234
234
235
235
236
236
237
237
238
238
239
239
240
240
241
241
242
242
243
243
244
244
245
245
246
246
247
247
248
248
249
249
250
250
251
251
252
252
253
253
254
254
255
256
256
257
257
258
258
259
259
260
260
261
261
262
262
263
263
264
264
265
265
266
266
267
267
268
268
269
269
270
270
271
271
272
272
273
273
274
274
275
275
276
276
277
277
278
278
279
279
280
280
281
281
282
282
283
283
284
284
285
285
286
286
287
288
288
289
289
290
290
291
291
292
292
293
293
294
294
295
295
296
296
297
297
298
298
299
299
300
300
301
301
302
302
303
303
304
304
305
305
306
306
307
307
308
308
309
309
310
310
311
311
312
312
313
313
314
314
315
315
316
316
317
317
318
318
319
320
320
321
321
322
322
323
323
324
324
325
325
326
326
327
327
328
328
329
329
330
330
331
331
332
332
333
333
334
334
335
335
336
336
337
337
338
338
339
339
340
340
341
341
342
342
343
343
344
344
345
345
346
346
347
347
348
348
349
349
350
350
351
352
352
353
353
354
354
355
355
356
356
357
357
358
358
359
359
360
360
361
361
362
362
363
363
364
364
365
365
366
366
367
367
368
368
369
369
370
370
371
371
372
372
373
373
374
374
375
375
376
376
377
377
378
378
379
379
380
380
381
381
382
382
383
384
384
385
385
386
386
387
387
388
388
389
389
390
390
391
391
392
392
393
393
394
394
395
395
396
396
397
397
398
398
399
399
400
400
401
401
402
402
403
403
404
404
405
405
406
406
407
407
408
408
409
409
410
410
411
411
412
412
413
413
414
414
415
416
416
417
417
418
418
419
419
420
420
421
421
422
422
423
423
424
424
425
425
426
426
427
427
428
428
429
429
430
430
431
431
432
432
433
433
434
434
435
435
436
436
437
437
438
438
439
439
440
440
441
441
442
442
443
443
444
444
445
445
446
446
447
448
448
449
449
450
450
451
451
452
452
453
453
454
454
455
455
456
456
457
457
458
458
459
459
460
460
461
461
462
462
463
463
464
464
465
465
466
466
467
467
468
468
469
469
470
470
471
471
472
472
473
473
474
474
475
475
476
476
477
477
478
478
479
480
481
482
483
484
485
486
487
488
489
490
491
492
493
494
495
496
497
498
499
500
501
502
503
504
505
506
507
508
509
510
0
32
64
96
128
160
192
224
256
288
320
352
384
416
448
480
31
63
95
127
159
191
223
255
287
319
351
383
415
447
479
511
480
481
482
483
484
485
486
487
488
489
490
491
492
493
494
495
496
497
498
499
500
501
502
503
504
505
506
507
508
509
510
511
0
1
2
3
4
5
6
7
8
9
10
11
12
13
14
15
16
17
18
19
20
21
22
23
24
25
26
27
28
29
30
31
0
32
64
96
128
160
192
224
256
288
320
352
384
416
448
480
1
33
65
97
129
161
193
225
257
289
321
353
385
417
449
481
2
34
66
98
130
162
194
226
258
290
322
354
386
418
450
482
3
35
67
99
131
163
195
227
259
291
323
355
387
419
451
483
4
36
68
100
132
164
196
228
260
292
324
356
388
420
452
484
5
37
69
101
133
165
197
229
261
293
325
357
389
421
453
485
6
38
70
102
134
166
198
230
262
294
326
358
390
422
454
486
7
39
71
103
135
167
199
231
263
295
327
359
391
423
455
487
8
40
72
104
136
168
200
232
264
296
328
360
392
424
456
488
9
41
73
105
137
169
201
233
265
297
329
361
393
425
457
489
10
42
74
106
138
170
202
234
266
298
330
362
394
426
458
490
11
43
75
107
139
171
203
235
267
299
331
363
395
427
459
491
12
44
76
108
140
172
204
236
268
300
332
364
396
428
460
492
13
45
77
109
141
173
205
237
269
301
333
365
397
429
461
493
14
46
78
110
142
174
206
238
270
302
334
366
398
430
462
494
15
47
79
111
143
175
207
239
271
303
335
367
399
431
463
495
16
48
80
112
144
176
208
240
272
304
336
368
400
432
464
496
17
49
81
113
145
177
209
241
273
305
337
369
401
433
465
497
18
50
82
114
146
178
210
242
274
306
338
370
402
434
466
498
19
51
83
115
147
179
211
243
275
307
339
371
403
435
467
499
20
52
84
116
148
180
212
244
276
308
340
372
404
436
468
500
21
53
85
117
149
181
213
245
277
309
341
373
405
437
469
501
22
54
86
118
150
182
214
246
278
310
342
374
406
438
470
502
23
55
87
119
151
183
215
247
279
311
343
375
407
439
471
503
24
56
88
120
152
184
216
248
280
312
344
376
408
440
472
504
25
57
89
121
153
185
217
249
281
313
345
377
409
441
473
505
26
58
90
122
154
186
218
250
282
314
346
378
410
442
474
506
27
59
91
123
155
187
219
251
283
315
347
379
411
443
475
507
28
60
92
124
156
188
220
252
284
316
348
380
412
444
476
508
29
61
93
125
157
189
221
253
285
317
349
381
413
445
477
509
30
62
94
126
158
190
222
254
286
318
350
382
414
446
478
510
31
63
95
127
159
191
223
255
287
319
351
383
415
447
479
511
0
32
64
96
128
160
192
224
256
288
320
352
384
416
448
480
1
33
65
97
129
161
193
225
257
289
321
353
385
417
449
481
2
34
66
98
130
162
194
226
258
290
322
354
386
418
450
482
3
35
67
99
131
163
195
227
259
291
323
355
387
419
451
483
4
36
68
100
132
164
196
228
260
292
324
356
388
420
452
484
5
37
69
101
133
165
197
229
261
293
325
357
389
421
453
485
6
38
70
102
134
166
198
230
262
294
326
358
390
422
454
486
7
39
71
103
135
167
199
231
263
295
327
359
391
423
455
487
8
40
72
104
136
168
200
232
264
296
328
360
392
424
456
488
9
41
73
105
137
169
201
233
265
297
329
361
393
425
457
489
10
42
74
106
138
170
202
234
266
298
330
362
394
426
458
490
11
43
75
107
139
171
203
235
267
299
331
363
395
427
459
491
12
44
76
108
140
172
204
236
268
300
332
364
396
428
460
492
13
45
77
109
141
173
205
237
269
301
333
365
397
429
461
493
14
46
78
110
142
174
206
238
270
302
334
366
398
430
462
494
15
47
79
111
143
175
207
239
271
303
335
367
399
431
463
495
16
48
80
112
144
176
208
240
272
304
336
368
400
432
464
496
17
49
81
113
145
177
209
241
273
305
337
369
401
433
465
497
18
50
82
114
146
178
210
242
274
306
338
370
402
434
466
498
19
51
83
115
147
179
211
243
275
307
339
371
403
435
467
499
20
52
84
116
148
180
212
244
276
308
340
372
404
436
468
500
21
53
85
117
149
181
213
245
277
309
341
373
405
437
469
501
22
54
86
118
150
182
214
246
278
310
342
374
406
438
470
502
23
55
87
119
151
183
215
247
279
311
343
375
407
439
471
503
24
56
88
120
152
184
216
248
280
312
344
376
408
440
472
504
25
57
89
121
153
185
217
249
281
313
345
377
409
441
473
505
26
58
90
122
154
186
218
250
282
314
346
378
410
442
474
506
27
59
91
123
155
187
219
251
283
315
347
379
411
443
475
507
28
60
92
124
156
188
220
252
284
316
348
380
412
444
476
508
29
61
93
125
157
189
221
253
285
317
349
381
413
445
477
509
30
62
94
126
158
190
222
254
286
318
350
382
414
446
478
510
31
63
95
127
159
191
223
255
287
319
351
383
415
447
479
511
)


// ************************************************************************* //
