/*--------------------------------*- C++ -*----------------------------------*\
| =========                 |                                                 |
| \\      /  F ield         | OpenFOAM: The Open Source CFD Toolbox           |
|  \\    /   O peration     | Version:  v2006                                 |
|   \\  /    A nd           | Website:  www.openfoam.com                      |
|    \\/     M anipulation  |                                                 |
\*---------------------------------------------------------------------------*/
FoamFile
{
    version     2.0;
    format      ascii;
    class       vectorField;
    location    "constant/polyMesh";
    object      points;
}
// * * * * * * * * * * * * * * * * * * * * * * * * * * * * * * * * * * * * * //


1122
(
(0 -0.25 0)
(0.03125 -0.25 0)
(0.0625 -0.25 0)
(0.09375 -0.25 0)
(0.125 -0.25 0)
(0.15625 -0.25 0)
(0.1875 -0.25 0)
(0.21875 -0.25 0)
(0.25 -0.25 0)
(0.28125 -0.25 0)
(0.3125 -0.25 0)
(0.34375 -0.25 0)
(0.375 -0.25 0)
(0.40625 -0.25 0)
(0.4375 -0.25 0)
(0.46875 -0.25 0)
(0.5 -0.25 0)
(0.53125 -0.25 0)
(0.5625 -0.25 0)
(0.59375 -0.25 0)
(0.625 -0.25 0)
(0.65625 -0.25 0)
(0.6875 -0.25 0)
(0.71875 -0.25 0)
(0.75 -0.25 0)
(0.78125 -0.25 0)
(0.8125 -0.25 0)
(0.84375 -0.25 0)
(0.875 -0.25 0)
(0.90625 -0.25 0)
(0.9375 -0.25 0)
(0.96875 -0.25 0)
(1 -0.25 0)
(0 -0.234375 0)
(0.03125 -0.234375 0)
(0.0625 -0.234375 0)
(0.09375 -0.234375 0)
(0.125 -0.234375 0)
(0.15625 -0.234375 0)
(0.1875 -0.234375 0)
(0.21875 -0.234375 0)
(0.25 -0.234375 0)
(0.28125 -0.234375 0)
(0.3125 -0.234375 0)
(0.34375 -0.234375 0)
(0.375 -0.234375 0)
(0.40625 -0.234375 0)
(0.4375 -0.234375 0)
(0.46875 -0.234375 0)
(0.5 -0.234375 0)
(0.53125 -0.234375 0)
(0.5625 -0.234375 0)
(0.59375 -0.234375 0)
(0.625 -0.234375 0)
(0.65625 -0.234375 0)
(0.6875 -0.234375 0)
(0.71875 -0.234375 0)
(0.75 -0.234375 0)
(0.78125 -0.234375 0)
(0.8125 -0.234375 0)
(0.84375 -0.234375 0)
(0.875 -0.234375 0)
(0.90625 -0.234375 0)
(0.9375 -0.234375 0)
(0.96875 -0.234375 0)
(1 -0.234375 0)
(0 -0.21875 0)
(0.03125 -0.21875 0)
(0.0625 -0.21875 0)
(0.09375 -0.21875 0)
(0.125 -0.21875 0)
(0.15625 -0.21875 0)
(0.1875 -0.21875 0)
(0.21875 -0.21875 0)
(0.25 -0.21875 0)
(0.28125 -0.21875 0)
(0.3125 -0.21875 0)
(0.34375 -0.21875 0)
(0.375 -0.21875 0)
(0.40625 -0.21875 0)
(0.4375 -0.21875 0)
(0.46875 -0.21875 0)
(0.5 -0.21875 0)
(0.53125 -0.21875 0)
(0.5625 -0.21875 0)
(0.59375 -0.21875 0)
(0.625 -0.21875 0)
(0.65625 -0.21875 0)
(0.6875 -0.21875 0)
(0.71875 -0.21875 0)
(0.75 -0.21875 0)
(0.78125 -0.21875 0)
(0.8125 -0.21875 0)
(0.84375 -0.21875 0)
(0.875 -0.21875 0)
(0.90625 -0.21875 0)
(0.9375 -0.21875 0)
(0.96875 -0.21875 0)
(1 -0.21875 0)
(0 -0.203125 0)
(0.03125 -0.203125 0)
(0.0625 -0.203125 0)
(0.09375 -0.203125 0)
(0.125 -0.203125 0)
(0.15625 -0.203125 0)
(0.1875 -0.203125 0)
(0.21875 -0.203125 0)
(0.25 -0.203125 0)
(0.28125 -0.203125 0)
(0.3125 -0.203125 0)
(0.34375 -0.203125 0)
(0.375 -0.203125 0)
(0.40625 -0.203125 0)
(0.4375 -0.203125 0)
(0.46875 -0.203125 0)
(0.5 -0.203125 0)
(0.53125 -0.203125 0)
(0.5625 -0.203125 0)
(0.59375 -0.203125 0)
(0.625 -0.203125 0)
(0.65625 -0.203125 0)
(0.6875 -0.203125 0)
(0.71875 -0.203125 0)
(0.75 -0.203125 0)
(0.78125 -0.203125 0)
(0.8125 -0.203125 0)
(0.84375 -0.203125 0)
(0.875 -0.203125 0)
(0.90625 -0.203125 0)
(0.9375 -0.203125 0)
(0.96875 -0.203125 0)
(1 -0.203125 0)
(0 -0.1875 0)
(0.03125 -0.1875 0)
(0.0625 -0.1875 0)
(0.09375 -0.1875 0)
(0.125 -0.1875 0)
(0.15625 -0.1875 0)
(0.1875 -0.1875 0)
(0.21875 -0.1875 0)
(0.25 -0.1875 0)
(0.28125 -0.1875 0)
(0.3125 -0.1875 0)
(0.34375 -0.1875 0)
(0.375 -0.1875 0)
(0.40625 -0.1875 0)
(0.4375 -0.1875 0)
(0.46875 -0.1875 0)
(0.5 -0.1875 0)
(0.53125 -0.1875 0)
(0.5625 -0.1875 0)
(0.59375 -0.1875 0)
(0.625 -0.1875 0)
(0.65625 -0.1875 0)
(0.6875 -0.1875 0)
(0.71875 -0.1875 0)
(0.75 -0.1875 0)
(0.78125 -0.1875 0)
(0.8125 -0.1875 0)
(0.84375 -0.1875 0)
(0.875 -0.1875 0)
(0.90625 -0.1875 0)
(0.9375 -0.1875 0)
(0.96875 -0.1875 0)
(1 -0.1875 0)
(0 -0.171875 0)
(0.03125 -0.171875 0)
(0.0625 -0.171875 0)
(0.09375 -0.171875 0)
(0.125 -0.171875 0)
(0.15625 -0.171875 0)
(0.1875 -0.171875 0)
(0.21875 -0.171875 0)
(0.25 -0.171875 0)
(0.28125 -0.171875 0)
(0.3125 -0.171875 0)
(0.34375 -0.171875 0)
(0.375 -0.171875 0)
(0.40625 -0.171875 0)
(0.4375 -0.171875 0)
(0.46875 -0.171875 0)
(0.5 -0.171875 0)
(0.53125 -0.171875 0)
(0.5625 -0.171875 0)
(0.59375 -0.171875 0)
(0.625 -0.171875 0)
(0.65625 -0.171875 0)
(0.6875 -0.171875 0)
(0.71875 -0.171875 0)
(0.75 -0.171875 0)
(0.78125 -0.171875 0)
(0.8125 -0.171875 0)
(0.84375 -0.171875 0)
(0.875 -0.171875 0)
(0.90625 -0.171875 0)
(0.9375 -0.171875 0)
(0.96875 -0.171875 0)
(1 -0.171875 0)
(0 -0.15625 0)
(0.03125 -0.15625 0)
(0.0625 -0.15625 0)
(0.09375 -0.15625 0)
(0.125 -0.15625 0)
(0.15625 -0.15625 0)
(0.1875 -0.15625 0)
(0.21875 -0.15625 0)
(0.25 -0.15625 0)
(0.28125 -0.15625 0)
(0.3125 -0.15625 0)
(0.34375 -0.15625 0)
(0.375 -0.15625 0)
(0.40625 -0.15625 0)
(0.4375 -0.15625 0)
(0.46875 -0.15625 0)
(0.5 -0.15625 0)
(0.53125 -0.15625 0)
(0.5625 -0.15625 0)
(0.59375 -0.15625 0)
(0.625 -0.15625 0)
(0.65625 -0.15625 0)
(0.6875 -0.15625 0)
(0.71875 -0.15625 0)
(0.75 -0.15625 0)
(0.78125 -0.15625 0)
(0.8125 -0.15625 0)
(0.84375 -0.15625 0)
(0.875 -0.15625 0)
(0.90625 -0.15625 0)
(0.9375 -0.15625 0)
(0.96875 -0.15625 0)
(1 -0.15625 0)
(0 -0.140625 0)
(0.03125 -0.140625 0)
(0.0625 -0.140625 0)
(0.09375 -0.140625 0)
(0.125 -0.140625 0)
(0.15625 -0.140625 0)
(0.1875 -0.140625 0)
(0.21875 -0.140625 0)
(0.25 -0.140625 0)
(0.28125 -0.140625 0)
(0.3125 -0.140625 0)
(0.34375 -0.140625 0)
(0.375 -0.140625 0)
(0.40625 -0.140625 0)
(0.4375 -0.140625 0)
(0.46875 -0.140625 0)
(0.5 -0.140625 0)
(0.53125 -0.140625 0)
(0.5625 -0.140625 0)
(0.59375 -0.140625 0)
(0.625 -0.140625 0)
(0.65625 -0.140625 0)
(0.6875 -0.140625 0)
(0.71875 -0.140625 0)
(0.75 -0.140625 0)
(0.78125 -0.140625 0)
(0.8125 -0.140625 0)
(0.84375 -0.140625 0)
(0.875 -0.140625 0)
(0.90625 -0.140625 0)
(0.9375 -0.140625 0)
(0.96875 -0.140625 0)
(1 -0.140625 0)
(0 -0.125 0)
(0.03125 -0.125 0)
(0.0625 -0.125 0)
(0.09375 -0.125 0)
(0.125 -0.125 0)
(0.15625 -0.125 0)
(0.1875 -0.125 0)
(0.21875 -0.125 0)
(0.25 -0.125 0)
(0.28125 -0.125 0)
(0.3125 -0.125 0)
(0.34375 -0.125 0)
(0.375 -0.125 0)
(0.40625 -0.125 0)
(0.4375 -0.125 0)
(0.46875 -0.125 0)
(0.5 -0.125 0)
(0.53125 -0.125 0)
(0.5625 -0.125 0)
(0.59375 -0.125 0)
(0.625 -0.125 0)
(0.65625 -0.125 0)
(0.6875 -0.125 0)
(0.71875 -0.125 0)
(0.75 -0.125 0)
(0.78125 -0.125 0)
(0.8125 -0.125 0)
(0.84375 -0.125 0)
(0.875 -0.125 0)
(0.90625 -0.125 0)
(0.9375 -0.125 0)
(0.96875 -0.125 0)
(1 -0.125 0)
(0 -0.109375 0)
(0.03125 -0.109375 0)
(0.0625 -0.109375 0)
(0.09375 -0.109375 0)
(0.125 -0.109375 0)
(0.15625 -0.109375 0)
(0.1875 -0.109375 0)
(0.21875 -0.109375 0)
(0.25 -0.109375 0)
(0.28125 -0.109375 0)
(0.3125 -0.109375 0)
(0.34375 -0.109375 0)
(0.375 -0.109375 0)
(0.40625 -0.109375 0)
(0.4375 -0.109375 0)
(0.46875 -0.109375 0)
(0.5 -0.109375 0)
(0.53125 -0.109375 0)
(0.5625 -0.109375 0)
(0.59375 -0.109375 0)
(0.625 -0.109375 0)
(0.65625 -0.109375 0)
(0.6875 -0.109375 0)
(0.71875 -0.109375 0)
(0.75 -0.109375 0)
(0.78125 -0.109375 0)
(0.8125 -0.109375 0)
(0.84375 -0.109375 0)
(0.875 -0.109375 0)
(0.90625 -0.109375 0)
(0.9375 -0.109375 0)
(0.96875 -0.109375 0)
(1 -0.109375 0)
(0 -0.09375 0)
(0.03125 -0.09375 0)
(0.0625 -0.09375 0)
(0.09375 -0.09375 0)
(0.125 -0.09375 0)
(0.15625 -0.09375 0)
(0.1875 -0.09375 0)
(0.21875 -0.09375 0)
(0.25 -0.09375 0)
(0.28125 -0.09375 0)
(0.3125 -0.09375 0)
(0.34375 -0.09375 0)
(0.375 -0.09375 0)
(0.40625 -0.09375 0)
(0.4375 -0.09375 0)
(0.46875 -0.09375 0)
(0.5 -0.09375 0)
(0.53125 -0.09375 0)
(0.5625 -0.09375 0)
(0.59375 -0.09375 0)
(0.625 -0.09375 0)
(0.65625 -0.09375 0)
(0.6875 -0.09375 0)
(0.71875 -0.09375 0)
(0.75 -0.09375 0)
(0.78125 -0.09375 0)
(0.8125 -0.09375 0)
(0.84375 -0.09375 0)
(0.875 -0.09375 0)
(0.90625 -0.09375 0)
(0.9375 -0.09375 0)
(0.96875 -0.09375 0)
(1 -0.09375 0)
(0 -0.078125 0)
(0.03125 -0.078125 0)
(0.0625 -0.078125 0)
(0.09375 -0.078125 0)
(0.125 -0.078125 0)
(0.15625 -0.078125 0)
(0.1875 -0.078125 0)
(0.21875 -0.078125 0)
(0.25 -0.078125 0)
(0.28125 -0.078125 0)
(0.3125 -0.078125 0)
(0.34375 -0.078125 0)
(0.375 -0.078125 0)
(0.40625 -0.078125 0)
(0.4375 -0.078125 0)
(0.46875 -0.078125 0)
(0.5 -0.078125 0)
(0.53125 -0.078125 0)
(0.5625 -0.078125 0)
(0.59375 -0.078125 0)
(0.625 -0.078125 0)
(0.65625 -0.078125 0)
(0.6875 -0.078125 0)
(0.71875 -0.078125 0)
(0.75 -0.078125 0)
(0.78125 -0.078125 0)
(0.8125 -0.078125 0)
(0.84375 -0.078125 0)
(0.875 -0.078125 0)
(0.90625 -0.078125 0)
(0.9375 -0.078125 0)
(0.96875 -0.078125 0)
(1 -0.078125 0)
(0 -0.0625 0)
(0.03125 -0.0625 0)
(0.0625 -0.0625 0)
(0.09375 -0.0625 0)
(0.125 -0.0625 0)
(0.15625 -0.0625 0)
(0.1875 -0.0625 0)
(0.21875 -0.0625 0)
(0.25 -0.0625 0)
(0.28125 -0.0625 0)
(0.3125 -0.0625 0)
(0.34375 -0.0625 0)
(0.375 -0.0625 0)
(0.40625 -0.0625 0)
(0.4375 -0.0625 0)
(0.46875 -0.0625 0)
(0.5 -0.0625 0)
(0.53125 -0.0625 0)
(0.5625 -0.0625 0)
(0.59375 -0.0625 0)
(0.625 -0.0625 0)
(0.65625 -0.0625 0)
(0.6875 -0.0625 0)
(0.71875 -0.0625 0)
(0.75 -0.0625 0)
(0.78125 -0.0625 0)
(0.8125 -0.0625 0)
(0.84375 -0.0625 0)
(0.875 -0.0625 0)
(0.90625 -0.0625 0)
(0.9375 -0.0625 0)
(0.96875 -0.0625 0)
(1 -0.0625 0)
(0 -0.046875 0)
(0.03125 -0.046875 0)
(0.0625 -0.046875 0)
(0.09375 -0.046875 0)
(0.125 -0.046875 0)
(0.15625 -0.046875 0)
(0.1875 -0.046875 0)
(0.21875 -0.046875 0)
(0.25 -0.046875 0)
(0.28125 -0.046875 0)
(0.3125 -0.046875 0)
(0.34375 -0.046875 0)
(0.375 -0.046875 0)
(0.40625 -0.046875 0)
(0.4375 -0.046875 0)
(0.46875 -0.046875 0)
(0.5 -0.046875 0)
(0.53125 -0.046875 0)
(0.5625 -0.046875 0)
(0.59375 -0.046875 0)
(0.625 -0.046875 0)
(0.65625 -0.046875 0)
(0.6875 -0.046875 0)
(0.71875 -0.046875 0)
(0.75 -0.046875 0)
(0.78125 -0.046875 0)
(0.8125 -0.046875 0)
(0.84375 -0.046875 0)
(0.875 -0.046875 0)
(0.90625 -0.046875 0)
(0.9375 -0.046875 0)
(0.96875 -0.046875 0)
(1 -0.046875 0)
(0 -0.03125 0)
(0.03125 -0.03125 0)
(0.0625 -0.03125 0)
(0.09375 -0.03125 0)
(0.125 -0.03125 0)
(0.15625 -0.03125 0)
(0.1875 -0.03125 0)
(0.21875 -0.03125 0)
(0.25 -0.03125 0)
(0.28125 -0.03125 0)
(0.3125 -0.03125 0)
(0.34375 -0.03125 0)
(0.375 -0.03125 0)
(0.40625 -0.03125 0)
(0.4375 -0.03125 0)
(0.46875 -0.03125 0)
(0.5 -0.03125 0)
(0.53125 -0.03125 0)
(0.5625 -0.03125 0)
(0.59375 -0.03125 0)
(0.625 -0.03125 0)
(0.65625 -0.03125 0)
(0.6875 -0.03125 0)
(0.71875 -0.03125 0)
(0.75 -0.03125 0)
(0.78125 -0.03125 0)
(0.8125 -0.03125 0)
(0.84375 -0.03125 0)
(0.875 -0.03125 0)
(0.90625 -0.03125 0)
(0.9375 -0.03125 0)
(0.96875 -0.03125 0)
(1 -0.03125 0)
(0 -0.015625 0)
(0.03125 -0.015625 0)
(0.0625 -0.015625 0)
(0.09375 -0.015625 0)
(0.125 -0.015625 0)
(0.15625 -0.015625 0)
(0.1875 -0.015625 0)
(0.21875 -0.015625 0)
(0.25 -0.015625 0)
(0.28125 -0.015625 0)
(0.3125 -0.015625 0)
(0.34375 -0.015625 0)
(0.375 -0.015625 0)
(0.40625 -0.015625 0)
(0.4375 -0.015625 0)
(0.46875 -0.015625 0)
(0.5 -0.015625 0)
(0.53125 -0.015625 0)
(0.5625 -0.015625 0)
(0.59375 -0.015625 0)
(0.625 -0.015625 0)
(0.65625 -0.015625 0)
(0.6875 -0.015625 0)
(0.71875 -0.015625 0)
(0.75 -0.015625 0)
(0.78125 -0.015625 0)
(0.8125 -0.015625 0)
(0.84375 -0.015625 0)
(0.875 -0.015625 0)
(0.90625 -0.015625 0)
(0.9375 -0.015625 0)
(0.96875 -0.015625 0)
(1 -0.015625 0)
(0 0 0)
(0.03125 0 0)
(0.0625 0 0)
(0.09375 0 0)
(0.125 0 0)
(0.15625 0 0)
(0.1875 0 0)
(0.21875 0 0)
(0.25 0 0)
(0.28125 0 0)
(0.3125 0 0)
(0.34375 0 0)
(0.375 0 0)
(0.40625 0 0)
(0.4375 0 0)
(0.46875 0 0)
(0.5 0 0)
(0.53125 0 0)
(0.5625 0 0)
(0.59375 0 0)
(0.625 0 0)
(0.65625 0 0)
(0.6875 0 0)
(0.71875 0 0)
(0.75 0 0)
(0.78125 0 0)
(0.8125 0 0)
(0.84375 0 0)
(0.875 0 0)
(0.90625 0 0)
(0.9375 0 0)
(0.96875 0 0)
(1 0 0)
(0 -0.25 0.4)
(0.03125 -0.25 0.4)
(0.0625 -0.25 0.4)
(0.09375 -0.25 0.4)
(0.125 -0.25 0.4)
(0.15625 -0.25 0.4)
(0.1875 -0.25 0.4)
(0.21875 -0.25 0.4)
(0.25 -0.25 0.4)
(0.28125 -0.25 0.4)
(0.3125 -0.25 0.4)
(0.34375 -0.25 0.4)
(0.375 -0.25 0.4)
(0.40625 -0.25 0.4)
(0.4375 -0.25 0.4)
(0.46875 -0.25 0.4)
(0.5 -0.25 0.4)
(0.53125 -0.25 0.4)
(0.5625 -0.25 0.4)
(0.59375 -0.25 0.4)
(0.625 -0.25 0.4)
(0.65625 -0.25 0.4)
(0.6875 -0.25 0.4)
(0.71875 -0.25 0.4)
(0.75 -0.25 0.4)
(0.78125 -0.25 0.4)
(0.8125 -0.25 0.4)
(0.84375 -0.25 0.4)
(0.875 -0.25 0.4)
(0.90625 -0.25 0.4)
(0.9375 -0.25 0.4)
(0.96875 -0.25 0.4)
(1 -0.25 0.4)
(0 -0.234375 0.4)
(0.03125 -0.234375 0.4)
(0.0625 -0.234375 0.4)
(0.09375 -0.234375 0.4)
(0.125 -0.234375 0.4)
(0.15625 -0.234375 0.4)
(0.1875 -0.234375 0.4)
(0.21875 -0.234375 0.4)
(0.25 -0.234375 0.4)
(0.28125 -0.234375 0.4)
(0.3125 -0.234375 0.4)
(0.34375 -0.234375 0.4)
(0.375 -0.234375 0.4)
(0.40625 -0.234375 0.4)
(0.4375 -0.234375 0.4)
(0.46875 -0.234375 0.4)
(0.5 -0.234375 0.4)
(0.53125 -0.234375 0.4)
(0.5625 -0.234375 0.4)
(0.59375 -0.234375 0.4)
(0.625 -0.234375 0.4)
(0.65625 -0.234375 0.4)
(0.6875 -0.234375 0.4)
(0.71875 -0.234375 0.4)
(0.75 -0.234375 0.4)
(0.78125 -0.234375 0.4)
(0.8125 -0.234375 0.4)
(0.84375 -0.234375 0.4)
(0.875 -0.234375 0.4)
(0.90625 -0.234375 0.4)
(0.9375 -0.234375 0.4)
(0.96875 -0.234375 0.4)
(1 -0.234375 0.4)
(0 -0.21875 0.4)
(0.03125 -0.21875 0.4)
(0.0625 -0.21875 0.4)
(0.09375 -0.21875 0.4)
(0.125 -0.21875 0.4)
(0.15625 -0.21875 0.4)
(0.1875 -0.21875 0.4)
(0.21875 -0.21875 0.4)
(0.25 -0.21875 0.4)
(0.28125 -0.21875 0.4)
(0.3125 -0.21875 0.4)
(0.34375 -0.21875 0.4)
(0.375 -0.21875 0.4)
(0.40625 -0.21875 0.4)
(0.4375 -0.21875 0.4)
(0.46875 -0.21875 0.4)
(0.5 -0.21875 0.4)
(0.53125 -0.21875 0.4)
(0.5625 -0.21875 0.4)
(0.59375 -0.21875 0.4)
(0.625 -0.21875 0.4)
(0.65625 -0.21875 0.4)
(0.6875 -0.21875 0.4)
(0.71875 -0.21875 0.4)
(0.75 -0.21875 0.4)
(0.78125 -0.21875 0.4)
(0.8125 -0.21875 0.4)
(0.84375 -0.21875 0.4)
(0.875 -0.21875 0.4)
(0.90625 -0.21875 0.4)
(0.9375 -0.21875 0.4)
(0.96875 -0.21875 0.4)
(1 -0.21875 0.4)
(0 -0.203125 0.4)
(0.03125 -0.203125 0.4)
(0.0625 -0.203125 0.4)
(0.09375 -0.203125 0.4)
(0.125 -0.203125 0.4)
(0.15625 -0.203125 0.4)
(0.1875 -0.203125 0.4)
(0.21875 -0.203125 0.4)
(0.25 -0.203125 0.4)
(0.28125 -0.203125 0.4)
(0.3125 -0.203125 0.4)
(0.34375 -0.203125 0.4)
(0.375 -0.203125 0.4)
(0.40625 -0.203125 0.4)
(0.4375 -0.203125 0.4)
(0.46875 -0.203125 0.4)
(0.5 -0.203125 0.4)
(0.53125 -0.203125 0.4)
(0.5625 -0.203125 0.4)
(0.59375 -0.203125 0.4)
(0.625 -0.203125 0.4)
(0.65625 -0.203125 0.4)
(0.6875 -0.203125 0.4)
(0.71875 -0.203125 0.4)
(0.75 -0.203125 0.4)
(0.78125 -0.203125 0.4)
(0.8125 -0.203125 0.4)
(0.84375 -0.203125 0.4)
(0.875 -0.203125 0.4)
(0.90625 -0.203125 0.4)
(0.9375 -0.203125 0.4)
(0.96875 -0.203125 0.4)
(1 -0.203125 0.4)
(0 -0.1875 0.4)
(0.03125 -0.1875 0.4)
(0.0625 -0.1875 0.4)
(0.09375 -0.1875 0.4)
(0.125 -0.1875 0.4)
(0.15625 -0.1875 0.4)
(0.1875 -0.1875 0.4)
(0.21875 -0.1875 0.4)
(0.25 -0.1875 0.4)
(0.28125 -0.1875 0.4)
(0.3125 -0.1875 0.4)
(0.34375 -0.1875 0.4)
(0.375 -0.1875 0.4)
(0.40625 -0.1875 0.4)
(0.4375 -0.1875 0.4)
(0.46875 -0.1875 0.4)
(0.5 -0.1875 0.4)
(0.53125 -0.1875 0.4)
(0.5625 -0.1875 0.4)
(0.59375 -0.1875 0.4)
(0.625 -0.1875 0.4)
(0.65625 -0.1875 0.4)
(0.6875 -0.1875 0.4)
(0.71875 -0.1875 0.4)
(0.75 -0.1875 0.4)
(0.78125 -0.1875 0.4)
(0.8125 -0.1875 0.4)
(0.84375 -0.1875 0.4)
(0.875 -0.1875 0.4)
(0.90625 -0.1875 0.4)
(0.9375 -0.1875 0.4)
(0.96875 -0.1875 0.4)
(1 -0.1875 0.4)
(0 -0.171875 0.4)
(0.03125 -0.171875 0.4)
(0.0625 -0.171875 0.4)
(0.09375 -0.171875 0.4)
(0.125 -0.171875 0.4)
(0.15625 -0.171875 0.4)
(0.1875 -0.171875 0.4)
(0.21875 -0.171875 0.4)
(0.25 -0.171875 0.4)
(0.28125 -0.171875 0.4)
(0.3125 -0.171875 0.4)
(0.34375 -0.171875 0.4)
(0.375 -0.171875 0.4)
(0.40625 -0.171875 0.4)
(0.4375 -0.171875 0.4)
(0.46875 -0.171875 0.4)
(0.5 -0.171875 0.4)
(0.53125 -0.171875 0.4)
(0.5625 -0.171875 0.4)
(0.59375 -0.171875 0.4)
(0.625 -0.171875 0.4)
(0.65625 -0.171875 0.4)
(0.6875 -0.171875 0.4)
(0.71875 -0.171875 0.4)
(0.75 -0.171875 0.4)
(0.78125 -0.171875 0.4)
(0.8125 -0.171875 0.4)
(0.84375 -0.171875 0.4)
(0.875 -0.171875 0.4)
(0.90625 -0.171875 0.4)
(0.9375 -0.171875 0.4)
(0.96875 -0.171875 0.4)
(1 -0.171875 0.4)
(0 -0.15625 0.4)
(0.03125 -0.15625 0.4)
(0.0625 -0.15625 0.4)
(0.09375 -0.15625 0.4)
(0.125 -0.15625 0.4)
(0.15625 -0.15625 0.4)
(0.1875 -0.15625 0.4)
(0.21875 -0.15625 0.4)
(0.25 -0.15625 0.4)
(0.28125 -0.15625 0.4)
(0.3125 -0.15625 0.4)
(0.34375 -0.15625 0.4)
(0.375 -0.15625 0.4)
(0.40625 -0.15625 0.4)
(0.4375 -0.15625 0.4)
(0.46875 -0.15625 0.4)
(0.5 -0.15625 0.4)
(0.53125 -0.15625 0.4)
(0.5625 -0.15625 0.4)
(0.59375 -0.15625 0.4)
(0.625 -0.15625 0.4)
(0.65625 -0.15625 0.4)
(0.6875 -0.15625 0.4)
(0.71875 -0.15625 0.4)
(0.75 -0.15625 0.4)
(0.78125 -0.15625 0.4)
(0.8125 -0.15625 0.4)
(0.84375 -0.15625 0.4)
(0.875 -0.15625 0.4)
(0.90625 -0.15625 0.4)
(0.9375 -0.15625 0.4)
(0.96875 -0.15625 0.4)
(1 -0.15625 0.4)
(0 -0.140625 0.4)
(0.03125 -0.140625 0.4)
(0.0625 -0.140625 0.4)
(0.09375 -0.140625 0.4)
(0.125 -0.140625 0.4)
(0.15625 -0.140625 0.4)
(0.1875 -0.140625 0.4)
(0.21875 -0.140625 0.4)
(0.25 -0.140625 0.4)
(0.28125 -0.140625 0.4)
(0.3125 -0.140625 0.4)
(0.34375 -0.140625 0.4)
(0.375 -0.140625 0.4)
(0.40625 -0.140625 0.4)
(0.4375 -0.140625 0.4)
(0.46875 -0.140625 0.4)
(0.5 -0.140625 0.4)
(0.53125 -0.140625 0.4)
(0.5625 -0.140625 0.4)
(0.59375 -0.140625 0.4)
(0.625 -0.140625 0.4)
(0.65625 -0.140625 0.4)
(0.6875 -0.140625 0.4)
(0.71875 -0.140625 0.4)
(0.75 -0.140625 0.4)
(0.78125 -0.140625 0.4)
(0.8125 -0.140625 0.4)
(0.84375 -0.140625 0.4)
(0.875 -0.140625 0.4)
(0.90625 -0.140625 0.4)
(0.9375 -0.140625 0.4)
(0.96875 -0.140625 0.4)
(1 -0.140625 0.4)
(0 -0.125 0.4)
(0.03125 -0.125 0.4)
(0.0625 -0.125 0.4)
(0.09375 -0.125 0.4)
(0.125 -0.125 0.4)
(0.15625 -0.125 0.4)
(0.1875 -0.125 0.4)
(0.21875 -0.125 0.4)
(0.25 -0.125 0.4)
(0.28125 -0.125 0.4)
(0.3125 -0.125 0.4)
(0.34375 -0.125 0.4)
(0.375 -0.125 0.4)
(0.40625 -0.125 0.4)
(0.4375 -0.125 0.4)
(0.46875 -0.125 0.4)
(0.5 -0.125 0.4)
(0.53125 -0.125 0.4)
(0.5625 -0.125 0.4)
(0.59375 -0.125 0.4)
(0.625 -0.125 0.4)
(0.65625 -0.125 0.4)
(0.6875 -0.125 0.4)
(0.71875 -0.125 0.4)
(0.75 -0.125 0.4)
(0.78125 -0.125 0.4)
(0.8125 -0.125 0.4)
(0.84375 -0.125 0.4)
(0.875 -0.125 0.4)
(0.90625 -0.125 0.4)
(0.9375 -0.125 0.4)
(0.96875 -0.125 0.4)
(1 -0.125 0.4)
(0 -0.109375 0.4)
(0.03125 -0.109375 0.4)
(0.0625 -0.109375 0.4)
(0.09375 -0.109375 0.4)
(0.125 -0.109375 0.4)
(0.15625 -0.109375 0.4)
(0.1875 -0.109375 0.4)
(0.21875 -0.109375 0.4)
(0.25 -0.109375 0.4)
(0.28125 -0.109375 0.4)
(0.3125 -0.109375 0.4)
(0.34375 -0.109375 0.4)
(0.375 -0.109375 0.4)
(0.40625 -0.109375 0.4)
(0.4375 -0.109375 0.4)
(0.46875 -0.109375 0.4)
(0.5 -0.109375 0.4)
(0.53125 -0.109375 0.4)
(0.5625 -0.109375 0.4)
(0.59375 -0.109375 0.4)
(0.625 -0.109375 0.4)
(0.65625 -0.109375 0.4)
(0.6875 -0.109375 0.4)
(0.71875 -0.109375 0.4)
(0.75 -0.109375 0.4)
(0.78125 -0.109375 0.4)
(0.8125 -0.109375 0.4)
(0.84375 -0.109375 0.4)
(0.875 -0.109375 0.4)
(0.90625 -0.109375 0.4)
(0.9375 -0.109375 0.4)
(0.96875 -0.109375 0.4)
(1 -0.109375 0.4)
(0 -0.09375 0.4)
(0.03125 -0.09375 0.4)
(0.0625 -0.09375 0.4)
(0.09375 -0.09375 0.4)
(0.125 -0.09375 0.4)
(0.15625 -0.09375 0.4)
(0.1875 -0.09375 0.4)
(0.21875 -0.09375 0.4)
(0.25 -0.09375 0.4)
(0.28125 -0.09375 0.4)
(0.3125 -0.09375 0.4)
(0.34375 -0.09375 0.4)
(0.375 -0.09375 0.4)
(0.40625 -0.09375 0.4)
(0.4375 -0.09375 0.4)
(0.46875 -0.09375 0.4)
(0.5 -0.09375 0.4)
(0.53125 -0.09375 0.4)
(0.5625 -0.09375 0.4)
(0.59375 -0.09375 0.4)
(0.625 -0.09375 0.4)
(0.65625 -0.09375 0.4)
(0.6875 -0.09375 0.4)
(0.71875 -0.09375 0.4)
(0.75 -0.09375 0.4)
(0.78125 -0.09375 0.4)
(0.8125 -0.09375 0.4)
(0.84375 -0.09375 0.4)
(0.875 -0.09375 0.4)
(0.90625 -0.09375 0.4)
(0.9375 -0.09375 0.4)
(0.96875 -0.09375 0.4)
(1 -0.09375 0.4)
(0 -0.078125 0.4)
(0.03125 -0.078125 0.4)
(0.0625 -0.078125 0.4)
(0.09375 -0.078125 0.4)
(0.125 -0.078125 0.4)
(0.15625 -0.078125 0.4)
(0.1875 -0.078125 0.4)
(0.21875 -0.078125 0.4)
(0.25 -0.078125 0.4)
(0.28125 -0.078125 0.4)
(0.3125 -0.078125 0.4)
(0.34375 -0.078125 0.4)
(0.375 -0.078125 0.4)
(0.40625 -0.078125 0.4)
(0.4375 -0.078125 0.4)
(0.46875 -0.078125 0.4)
(0.5 -0.078125 0.4)
(0.53125 -0.078125 0.4)
(0.5625 -0.078125 0.4)
(0.59375 -0.078125 0.4)
(0.625 -0.078125 0.4)
(0.65625 -0.078125 0.4)
(0.6875 -0.078125 0.4)
(0.71875 -0.078125 0.4)
(0.75 -0.078125 0.4)
(0.78125 -0.078125 0.4)
(0.8125 -0.078125 0.4)
(0.84375 -0.078125 0.4)
(0.875 -0.078125 0.4)
(0.90625 -0.078125 0.4)
(0.9375 -0.078125 0.4)
(0.96875 -0.078125 0.4)
(1 -0.078125 0.4)
(0 -0.0625 0.4)
(0.03125 -0.0625 0.4)
(0.0625 -0.0625 0.4)
(0.09375 -0.0625 0.4)
(0.125 -0.0625 0.4)
(0.15625 -0.0625 0.4)
(0.1875 -0.0625 0.4)
(0.21875 -0.0625 0.4)
(0.25 -0.0625 0.4)
(0.28125 -0.0625 0.4)
(0.3125 -0.0625 0.4)
(0.34375 -0.0625 0.4)
(0.375 -0.0625 0.4)
(0.40625 -0.0625 0.4)
(0.4375 -0.0625 0.4)
(0.46875 -0.0625 0.4)
(0.5 -0.0625 0.4)
(0.53125 -0.0625 0.4)
(0.5625 -0.0625 0.4)
(0.59375 -0.0625 0.4)
(0.625 -0.0625 0.4)
(0.65625 -0.0625 0.4)
(0.6875 -0.0625 0.4)
(0.71875 -0.0625 0.4)
(0.75 -0.0625 0.4)
(0.78125 -0.0625 0.4)
(0.8125 -0.0625 0.4)
(0.84375 -0.0625 0.4)
(0.875 -0.0625 0.4)
(0.90625 -0.0625 0.4)
(0.9375 -0.0625 0.4)
(0.96875 -0.0625 0.4)
(1 -0.0625 0.4)
(0 -0.046875 0.4)
(0.03125 -0.046875 0.4)
(0.0625 -0.046875 0.4)
(0.09375 -0.046875 0.4)
(0.125 -0.046875 0.4)
(0.15625 -0.046875 0.4)
(0.1875 -0.046875 0.4)
(0.21875 -0.046875 0.4)
(0.25 -0.046875 0.4)
(0.28125 -0.046875 0.4)
(0.3125 -0.046875 0.4)
(0.34375 -0.046875 0.4)
(0.375 -0.046875 0.4)
(0.40625 -0.046875 0.4)
(0.4375 -0.046875 0.4)
(0.46875 -0.046875 0.4)
(0.5 -0.046875 0.4)
(0.53125 -0.046875 0.4)
(0.5625 -0.046875 0.4)
(0.59375 -0.046875 0.4)
(0.625 -0.046875 0.4)
(0.65625 -0.046875 0.4)
(0.6875 -0.046875 0.4)
(0.71875 -0.046875 0.4)
(0.75 -0.046875 0.4)
(0.78125 -0.046875 0.4)
(0.8125 -0.046875 0.4)
(0.84375 -0.046875 0.4)
(0.875 -0.046875 0.4)
(0.90625 -0.046875 0.4)
(0.9375 -0.046875 0.4)
(0.96875 -0.046875 0.4)
(1 -0.046875 0.4)
(0 -0.03125 0.4)
(0.03125 -0.03125 0.4)
(0.0625 -0.03125 0.4)
(0.09375 -0.03125 0.4)
(0.125 -0.03125 0.4)
(0.15625 -0.03125 0.4)
(0.1875 -0.03125 0.4)
(0.21875 -0.03125 0.4)
(0.25 -0.03125 0.4)
(0.28125 -0.03125 0.4)
(0.3125 -0.03125 0.4)
(0.34375 -0.03125 0.4)
(0.375 -0.03125 0.4)
(0.40625 -0.03125 0.4)
(0.4375 -0.03125 0.4)
(0.46875 -0.03125 0.4)
(0.5 -0.03125 0.4)
(0.53125 -0.03125 0.4)
(0.5625 -0.03125 0.4)
(0.59375 -0.03125 0.4)
(0.625 -0.03125 0.4)
(0.65625 -0.03125 0.4)
(0.6875 -0.03125 0.4)
(0.71875 -0.03125 0.4)
(0.75 -0.03125 0.4)
(0.78125 -0.03125 0.4)
(0.8125 -0.03125 0.4)
(0.84375 -0.03125 0.4)
(0.875 -0.03125 0.4)
(0.90625 -0.03125 0.4)
(0.9375 -0.03125 0.4)
(0.96875 -0.03125 0.4)
(1 -0.03125 0.4)
(0 -0.015625 0.4)
(0.03125 -0.015625 0.4)
(0.0625 -0.015625 0.4)
(0.09375 -0.015625 0.4)
(0.125 -0.015625 0.4)
(0.15625 -0.015625 0.4)
(0.1875 -0.015625 0.4)
(0.21875 -0.015625 0.4)
(0.25 -0.015625 0.4)
(0.28125 -0.015625 0.4)
(0.3125 -0.015625 0.4)
(0.34375 -0.015625 0.4)
(0.375 -0.015625 0.4)
(0.40625 -0.015625 0.4)
(0.4375 -0.015625 0.4)
(0.46875 -0.015625 0.4)
(0.5 -0.015625 0.4)
(0.53125 -0.015625 0.4)
(0.5625 -0.015625 0.4)
(0.59375 -0.015625 0.4)
(0.625 -0.015625 0.4)
(0.65625 -0.015625 0.4)
(0.6875 -0.015625 0.4)
(0.71875 -0.015625 0.4)
(0.75 -0.015625 0.4)
(0.78125 -0.015625 0.4)
(0.8125 -0.015625 0.4)
(0.84375 -0.015625 0.4)
(0.875 -0.015625 0.4)
(0.90625 -0.015625 0.4)
(0.9375 -0.015625 0.4)
(0.96875 -0.015625 0.4)
(1 -0.015625 0.4)
(0 0 0.4)
(0.03125 0 0.4)
(0.0625 0 0.4)
(0.09375 0 0.4)
(0.125 0 0.4)
(0.15625 0 0.4)
(0.1875 0 0.4)
(0.21875 0 0.4)
(0.25 0 0.4)
(0.28125 0 0.4)
(0.3125 0 0.4)
(0.34375 0 0.4)
(0.375 0 0.4)
(0.40625 0 0.4)
(0.4375 0 0.4)
(0.46875 0 0.4)
(0.5 0 0.4)
(0.53125 0 0.4)
(0.5625 0 0.4)
(0.59375 0 0.4)
(0.625 0 0.4)
(0.65625 0 0.4)
(0.6875 0 0.4)
(0.71875 0 0.4)
(0.75 0 0.4)
(0.78125 0 0.4)
(0.8125 0 0.4)
(0.84375 0 0.4)
(0.875 0 0.4)
(0.90625 0 0.4)
(0.9375 0 0.4)
(0.96875 0 0.4)
(1 0 0.4)
)


// ************************************************************************* //
