18123.375774
18123.375774
18123.375774
18123.375774
18123.375774
18123.375774
18123.375774
18123.375774
18123.375774
18123.375774
18123.375774
18123.375774
17546.064520
17546.064520
17546.064520
17546.064520
17546.064520
17546.064520
17546.064520
17546.064520
17546.064520
17546.064520
17619.468327
17619.468327
17619.468327
17619.468327
17619.468327
17619.468327
17619.468327
17619.468327
17619.468327
17619.468327
17649.588965
17649.588965
17649.588965
17649.588965
17649.588965
17649.588965
17649.588965
17649.588965
17649.588965
17661.985947
17661.985947
17661.985947
17661.985947
17661.985947
17661.985947
17661.985947
17661.985947
17667.343609
17667.343609
17667.343609
17667.343609
17667.343609
17667.343609
17667.343609
17670.037039
17670.037039
17670.037039
17670.037039
17670.037039
17670.037039
17670.037039
17671.436687
17671.436687
17671.436687
17671.436687
17671.436687
17671.436687
17671.436687
17672.226997
17672.226997
17672.226997
17672.226997
17672.226997
17672.226997
17672.654553
17672.654553
17672.654553
17672.654553
17672.654553
17672.903125
17672.903125
17672.903125
17672.903125
17672.903125
17672.903125
17673.054763
17673.054763
17673.054763
17673.054763
17673.054763
17673.137547
17673.137547
17673.137547
17673.137547
17673.137547
17673.181419
17673.181419
17673.181419
17673.181419
17673.203023
17673.203023
17673.203023
17673.203023
17673.203023
17673.209355
17673.209355
17673.209355
17673.209355
17673.206713
17673.206713
17673.206713
17673.206713
17673.198401
17673.198401
17673.198401
17673.198401
17673.183074
17673.183074
17673.183074
17673.183074
17673.160306
17673.160306
17673.160306
17673.122248
17673.122248
17673.122248
17673.122248
17673.052061
17673.052061
17673.052061
17672.921406
17672.921406
17672.921406
17672.921406
17672.703290
17672.703290
17672.703290
17672.294771
17672.294771
17672.294771
17671.539317
17671.539317
17671.539317
17670.060222
17670.060222
17670.060222
17667.552172
17667.552172
17660.297479
17660.297479
17660.297479
17644.054985
17644.054985
17644.054985
17614.427100
17614.427100
17902.889355
17902.889355
17902.889355
