3945.848065
3945.848065
3945.848065
3945.848065
3945.848065
3945.848065
3945.848065
3945.848065
3945.848065
3945.848065
3945.848065
3945.848065
3334.792202
3334.792202
3334.792202
3334.792202
3334.792202
3334.792202
3334.792202
3334.792202
3334.792202
3334.792202
3328.637891
3328.637891
3328.637891
3328.637891
3328.637891
3328.637891
3328.637891
3328.637891
3328.637891
3328.637891
3355.411860
3355.411860
3355.411860
3355.411860
3355.411860
3355.411860
3355.411860
3355.411860
3355.411860
3376.248365
3376.248365
3376.248365
3376.248365
3376.248365
3376.248365
3376.248365
3376.248365
3388.013247
3388.013247
3388.013247
3388.013247
3388.013247
3388.013247
3388.013247
3395.754810
3395.754810
3395.754810
3395.754810
3395.754810
3395.754810
3395.754810
3400.306466
3400.306466
3400.306466
3400.306466
3400.306466
3400.306466
3400.306466
3403.321799
3403.321799
3403.321799
3403.321799
3403.321799
3403.321799
3405.069062
3405.069062
3405.069062
3405.069062
3405.069062
3406.196905
3406.196905
3406.196905
3406.196905
3406.196905
3406.196905
3407.014327
3407.014327
3407.014327
3407.014327
3407.014327
3407.513829
3407.513829
3407.513829
3407.513829
3407.513829
3407.826895
3407.826895
3407.826895
3407.826895
3408.041935
3408.041935
3408.041935
3408.041935
3408.041935
3408.155738
3408.155738
3408.155738
3408.155738
3408.189052
3408.189052
3408.189052
3408.189052
3408.173195
3408.173195
3408.173195
3408.173195
3408.059380
3408.059380
3408.059380
3408.059380
3407.890442
3407.890442
3407.890442
3407.625450
3407.625450
3407.625450
3407.625450
3407.139730
3407.139730
3407.139730
3406.315855
3406.315855
3406.315855
3406.315855
3405.220946
3405.220946
3405.220946
3403.383508
3403.383508
3403.383508
3400.376871
3400.376871
3400.376871
3395.300985
3395.300985
3395.300985
3389.396833
3389.396833
3370.869951
3370.869951
3370.869951
3348.803211
3348.803211
3348.803211
3370.167867
3370.167867
3760.353534
3760.353534
3760.353534
