4036.365477
4036.365477
4036.365477
4036.365477
4036.365477
4036.365477
4036.365477
4036.365477
4036.365477
4036.365477
4036.365477
4036.365477
3459.352353
3459.352353
3459.352353
3459.352353
3459.352353
3459.352353
3459.352353
3459.352353
3459.352353
3459.352353
3469.724934
3469.724934
3469.724934
3469.724934
3469.724934
3469.724934
3469.724934
3469.724934
3469.724934
3469.724934
3498.530707
3498.530707
3498.530707
3498.530707
3498.530707
3498.530707
3498.530707
3498.530707
3498.530707
3517.854122
3517.854122
3517.854122
3517.854122
3517.854122
3517.854122
3517.854122
3517.854122
3528.171623
3528.171623
3528.171623
3528.171623
3528.171623
3528.171623
3528.171623
3534.567882
3534.567882
3534.567882
3534.567882
3534.567882
3534.567882
3534.567882
3538.230533
3538.230533
3538.230533
3538.230533
3538.230533
3538.230533
3538.230533
3540.600059
3540.600059
3540.600059
3540.600059
3540.600059
3540.600059
3541.963826
3541.963826
3541.963826
3541.963826
3541.963826
3542.841625
3542.841625
3542.841625
3542.841625
3542.841625
3542.841625
3543.470289
3543.470289
3543.470289
3543.470289
3543.470289
3543.848341
3543.848341
3543.848341
3543.848341
3543.848341
3544.081618
3544.081618
3544.081618
3544.081618
3544.237454
3544.237454
3544.237454
3544.237454
3544.237454
3544.316658
3544.316658
3544.316658
3544.316658
3544.340859
3544.340859
3544.340859
3544.340859
3544.341975
3544.341975
3544.341975
3544.341975
3544.251175
3544.251175
3544.251175
3544.251175
3544.118322
3544.118322
3544.118322
3543.894521
3543.894521
3543.894521
3543.894521
3543.513834
3543.513834
3543.513834
3542.930008
3542.930008
3542.930008
3542.930008
3542.149396
3542.149396
3542.149396
3540.704558
3540.704558
3540.704558
3538.324704
3538.324704
3538.324704
3534.177895
3534.177895
3534.177895
3529.119148
3529.119148
3513.408762
3513.408762
3513.408762
3491.407776
3491.407776
3491.407776
3499.237452
3499.237452
3858.313305
3858.313305
3858.313305
