3945.696670
3945.696670
3945.696670
3945.696670
3945.696670
3945.696670
3945.696670
3945.696670
3945.696670
3945.696670
3945.696670
3945.696670
3334.790317
3334.790317
3334.790317
3334.790317
3334.790317
3334.790317
3334.790317
3334.790317
3334.790317
3334.790317
3328.604214
3328.604214
3328.604214
3328.604214
3328.604214
3328.604214
3328.604214
3328.604214
3328.604214
3328.604214
3355.352605
3355.352605
3355.352605
3355.352605
3355.352605
3355.352605
3355.352605
3355.352605
3355.352605
3376.222078
3376.222078
3376.222078
3376.222078
3376.222078
3376.222078
3376.222078
3376.222078
3387.978464
3387.978464
3387.978464
3387.978464
3387.978464
3387.978464
3387.978464
3395.690422
3395.690422
3395.690422
3395.690422
3395.690422
3395.690422
3395.690422
3400.229526
3400.229526
3400.229526
3400.229526
3400.229526
3400.229526
3400.229526
3403.245398
3403.245398
3403.245398
3403.245398
3403.245398
3403.245398
3404.997047
3404.997047
3404.997047
3404.997047
3404.997047
3406.132938
3406.132938
3406.132938
3406.132938
3406.132938
3406.132938
3406.955173
3406.955173
3406.955173
3406.955173
3406.955173
3407.457498
3407.457498
3407.457498
3407.457498
3407.457498
3407.772621
3407.772621
3407.772621
3407.772621
3407.986710
3407.986710
3407.986710
3407.986710
3407.986710
3408.099581
3408.099581
3408.099581
3408.099581
3408.136425
3408.136425
3408.136425
3408.136425
3408.124325
3408.124325
3408.124325
3408.124325
3408.012282
3408.012282
3408.012282
3408.012282
3407.838898
3407.838898
3407.838898
3407.558058
3407.558058
3407.558058
3407.558058
3407.064351
3407.064351
3407.064351
3406.254129
3406.254129
3406.254129
3406.254129
3405.189242
3405.189242
3405.189242
3403.325238
3403.325238
3403.325238
3400.318356
3400.318356
3400.318356
3395.257935
3395.257935
3395.257935
3389.338135
3389.338135
3370.806685
3370.806685
3370.806685
3348.735169
3348.735169
3348.735169
3370.086657
3370.086657
3760.395855
3760.395855
3760.395855
