5056.394109
5056.394109
5056.394109
5056.394109
5056.394109
5056.394109
5056.394109
5056.394109
5056.394109
5056.394109
5056.394109
5056.394109
4612.026250
4612.026250
4612.026250
4612.026250
4612.026250
4612.026250
4612.026250
4612.026250
4612.026250
4612.026250
4653.555081
4653.555081
4653.555081
4653.555081
4653.555081
4653.555081
4653.555081
4653.555081
4653.555081
4653.555081
4677.923420
4677.923420
4677.923420
4677.923420
4677.923420
4677.923420
4677.923420
4677.923420
4677.923420
4688.716190
4688.716190
4688.716190
4688.716190
4688.716190
4688.716190
4688.716190
4688.716190
4694.195441
4694.195441
4694.195441
4694.195441
4694.195441
4694.195441
4694.195441
4697.556897
4697.556897
4697.556897
4697.556897
4697.556897
4697.556897
4697.556897
4699.427737
4699.427737
4699.427737
4699.427737
4699.427737
4699.427737
4699.427737
4700.562243
4700.562243
4700.562243
4700.562243
4700.562243
4700.562243
4701.175952
4701.175952
4701.175952
4701.175952
4701.175952
4701.555190
4701.555190
4701.555190
4701.555190
4701.555190
4701.555190
4701.823010
4701.823010
4701.823010
4701.823010
4701.823010
4701.978089
4701.978089
4701.978089
4701.978089
4701.978089
4702.066306
4702.066306
4702.066306
4702.066306
4702.129363
4702.129363
4702.129363
4702.129363
4702.129363
4702.159609
4702.159609
4702.159609
4702.159609
4702.159627
4702.159627
4702.159627
4702.159627
4702.188419
4702.188419
4702.188419
4702.188419
4702.148758
4702.148758
4702.148758
4702.148758
4702.116592
4702.116592
4702.116592
4702.052646
4702.052646
4702.052646
4702.052646
4701.916441
4701.916441
4701.916441
4701.704754
4701.704754
4701.704754
4701.704754
4701.364704
4701.364704
4701.364704
4700.746358
4700.746358
4700.746358
4699.676371
4699.676371
4699.676371
4697.812183
4697.812183
4697.812183
4695.084946
4695.084946
4687.510486
4687.510486
4687.510486
4666.578560
4666.578560
4666.578560
4657.992115
4657.992115
4911.652010
4911.652010
4911.652010
