4290.174539
4290.174539
4290.174539
4290.174539
4290.174539
4290.174539
4290.174539
4290.174539
4290.174539
4290.174539
4290.174539
4290.174539
3759.522677
3759.522677
3759.522677
3759.522677
3759.522677
3759.522677
3759.522677
3759.522677
3759.522677
3759.522677
3787.466926
3787.466926
3787.466926
3787.466926
3787.466926
3787.466926
3787.466926
3787.466926
3787.466926
3787.466926
3816.633076
3816.633076
3816.633076
3816.633076
3816.633076
3816.633076
3816.633076
3816.633076
3816.633076
3833.085039
3833.085039
3833.085039
3833.085039
3833.085039
3833.085039
3833.085039
3833.085039
3841.350450
3841.350450
3841.350450
3841.350450
3841.350450
3841.350450
3841.350450
3846.193173
3846.193173
3846.193173
3846.193173
3846.193173
3846.193173
3846.193173
3848.926756
3848.926756
3848.926756
3848.926756
3848.926756
3848.926756
3848.926756
3850.636756
3850.636756
3850.636756
3850.636756
3850.636756
3850.636756
3851.611816
3851.611816
3851.611816
3851.611816
3851.611816
3852.226047
3852.226047
3852.226047
3852.226047
3852.226047
3852.226047
3852.650949
3852.650949
3852.650949
3852.650949
3852.650949
3852.906382
3852.906382
3852.906382
3852.906382
3852.906382
3853.063990
3853.063990
3853.063990
3853.063990
3853.166488
3853.166488
3853.166488
3853.166488
3853.166488
3853.217008
3853.217008
3853.217008
3853.217008
3853.226267
3853.226267
3853.226267
3853.226267
3853.213749
3853.213749
3853.213749
3853.213749
3853.152474
3853.152474
3853.152474
3853.152474
3853.069133
3853.069133
3853.069133
3852.937139
3852.937139
3852.937139
3852.937139
3852.699456
3852.699456
3852.699456
3852.291673
3852.291673
3852.291673
3852.291673
3851.710077
3851.710077
3851.710077
3850.722615
3850.722615
3850.722615
3849.034627
3849.034627
3849.034627
3845.975208
3845.975208
3845.975208
3841.915112
3841.915112
3829.857712
3829.857712
3829.857712
3809.780494
3809.780494
3809.780494
3804.388971
3804.388971
4119.126969
4119.126969
4119.126969
