5126.680158
5126.680158
5126.680158
5126.680158
5126.680158
5126.680158
5126.680158
5126.680158
5126.680158
5126.680158
5126.680158
5126.680158
4556.091558
4556.091558
4556.091558
4556.091558
4556.091558
4556.091558
4556.091558
4556.091558
4556.091558
4556.091558
4561.442487
4561.442487
4561.442487
4561.442487
4561.442487
4561.442487
4561.442487
4561.442487
4561.442487
4561.442487
4591.531719
4591.531719
4591.531719
4591.531719
4591.531719
4591.531719
4591.531719
4591.531719
4591.531719
4611.467216
4611.467216
4611.467216
4611.467216
4611.467216
4611.467216
4611.467216
4611.467216
4622.063281
4622.063281
4622.063281
4622.063281
4622.063281
4622.063281
4622.063281
4628.592620
4628.592620
4628.592620
4628.592620
4628.592620
4628.592620
4628.592620
4632.372109
4632.372109
4632.372109
4632.372109
4632.372109
4632.372109
4632.372109
4634.794554
4634.794554
4634.794554
4634.794554
4634.794554
4634.794554
4636.186004
4636.186004
4636.186004
4636.186004
4636.186004
4637.069603
4637.069603
4637.069603
4637.069603
4637.069603
4637.069603
4637.689363
4637.689363
4637.689363
4637.689363
4637.689363
4638.065913
4638.065913
4638.065913
4638.065913
4638.065913
4638.301171
4638.301171
4638.301171
4638.301171
4638.457311
4638.457311
4638.457311
4638.457311
4638.457311
4638.536028
4638.536028
4638.536028
4638.536028
4638.548685
4638.548685
4638.548685
4638.548685
4638.519820
4638.519820
4638.519820
4638.519820
4638.426712
4638.426712
4638.426712
4638.426712
4638.296400
4638.296400
4638.296400
4638.102634
4638.102634
4638.102634
4638.102634
4637.750853
4637.750853
4637.750853
4637.097300
4637.097300
4637.097300
4637.097300
4636.181382
4636.181382
4636.181382
4634.759873
4634.759873
4634.759873
4632.369972
4632.369972
4632.369972
4628.033171
4628.033171
4628.033171
4622.664294
4622.664294
4606.654329
4606.654329
4606.654329
4583.440660
4583.440660
4583.440660
4592.454456
4592.454456
4954.746875
4954.746875
4954.746875
