5061.715511
5061.715511
5061.715511
5061.715511
5061.715511
5061.715511
5061.715511
5061.715511
5061.715511
5061.715511
5061.715511
5061.715511
4613.094526
4613.094526
4613.094526
4613.094526
4613.094526
4613.094526
4613.094526
4613.094526
4613.094526
4613.094526
4654.156730
4654.156730
4654.156730
4654.156730
4654.156730
4654.156730
4654.156730
4654.156730
4654.156730
4654.156730
4679.227803
4679.227803
4679.227803
4679.227803
4679.227803
4679.227803
4679.227803
4679.227803
4679.227803
4691.276545
4691.276545
4691.276545
4691.276545
4691.276545
4691.276545
4691.276545
4691.276545
4696.936530
4696.936530
4696.936530
4696.936530
4696.936530
4696.936530
4696.936530
4700.060409
4700.060409
4700.060409
4700.060409
4700.060409
4700.060409
4700.060409
4701.785377
4701.785377
4701.785377
4701.785377
4701.785377
4701.785377
4701.785377
4702.830526
4702.830526
4702.830526
4702.830526
4702.830526
4702.830526
4703.414708
4703.414708
4703.414708
4703.414708
4703.414708
4703.775871
4703.775871
4703.775871
4703.775871
4703.775871
4703.775871
4704.019258
4704.019258
4704.019258
4704.019258
4704.019258
4704.163103
4704.163103
4704.163103
4704.163103
4704.163103
4704.249797
4704.249797
4704.249797
4704.249797
4704.304554
4704.304554
4704.304554
4704.304554
4704.304554
4704.330849
4704.330849
4704.330849
4704.330849
4704.337756
4704.337756
4704.337756
4704.337756
4704.339105
4704.339105
4704.339105
4704.339105
4704.311199
4704.311199
4704.311199
4704.311199
4704.273307
4704.273307
4704.273307
4704.203259
4704.203259
4704.203259
4704.203259
4704.074694
4704.074694
4704.074694
4703.872429
4703.872429
4703.872429
4703.872429
4703.571603
4703.571603
4703.571603
4702.987814
4702.987814
4702.987814
4701.976128
4701.976128
4701.976128
4700.160670
4700.160670
4700.160670
4697.349304
4697.349304
4689.166945
4689.166945
4689.166945
4674.175312
4674.175312
4674.175312
4658.973969
4658.973969
4908.384332
4908.384332
4908.384332
