4044.547546
4044.547546
4044.547546
4044.547546
4044.547546
4044.547546
4044.547546
4044.547546
4044.547546
4044.547546
4044.547546
4044.547546
3436.867526
3436.867526
3436.867526
3436.867526
3436.867526
3436.867526
3436.867526
3436.867526
3436.867526
3436.867526
3427.618731
3427.618731
3427.618731
3427.618731
3427.618731
3427.618731
3427.618731
3427.618731
3427.618731
3427.618731
3454.576618
3454.576618
3454.576618
3454.576618
3454.576618
3454.576618
3454.576618
3454.576618
3454.576618
3475.846463
3475.846463
3475.846463
3475.846463
3475.846463
3475.846463
3475.846463
3475.846463
3487.792722
3487.792722
3487.792722
3487.792722
3487.792722
3487.792722
3487.792722
3495.575401
3495.575401
3495.575401
3495.575401
3495.575401
3495.575401
3495.575401
3500.158731
3500.158731
3500.158731
3500.158731
3500.158731
3500.158731
3500.158731
3503.201479
3503.201479
3503.201479
3503.201479
3503.201479
3503.201479
3504.978852
3504.978852
3504.978852
3504.978852
3504.978852
3506.137726
3506.137726
3506.137726
3506.137726
3506.137726
3506.137726
3506.977447
3506.977447
3506.977447
3506.977447
3506.977447
3507.491050
3507.491050
3507.491050
3507.491050
3507.491050
3507.812173
3507.812173
3507.812173
3507.812173
3508.029756
3508.029756
3508.029756
3508.029756
3508.029756
3508.145812
3508.145812
3508.145812
3508.145812
3508.185831
3508.185831
3508.185831
3508.185831
3508.174013
3508.174013
3508.174013
3508.174013
3508.054101
3508.054101
3508.054101
3508.054101
3507.855588
3507.855588
3507.855588
3507.539103
3507.539103
3507.539103
3507.539103
3507.026412
3507.026412
3507.026412
3506.228688
3506.228688
3506.228688
3506.228688
3505.159723
3505.159723
3505.159723
3503.241900
3503.241900
3503.241900
3500.231383
3500.231383
3500.231383
3495.171583
3495.171583
3495.171583
3489.019595
3489.019595
3470.285683
3470.285683
3470.285683
3447.624784
3447.624784
3447.624784
3470.527270
3470.527270
3861.667296
3861.667296
3861.667296
