4289.164671
4289.164671
4289.164671
4289.164671
4289.164671
4289.164671
4289.164671
4289.164671
4289.164671
4289.164671
4289.164671
4289.164671
3759.084823
3759.084823
3759.084823
3759.084823
3759.084823
3759.084823
3759.084823
3759.084823
3759.084823
3759.084823
3786.867697
3786.867697
3786.867697
3786.867697
3786.867697
3786.867697
3786.867697
3786.867697
3786.867697
3786.867697
3815.993796
3815.993796
3815.993796
3815.993796
3815.993796
3815.993796
3815.993796
3815.993796
3815.993796
3832.414523
3832.414523
3832.414523
3832.414523
3832.414523
3832.414523
3832.414523
3832.414523
3840.681175
3840.681175
3840.681175
3840.681175
3840.681175
3840.681175
3840.681175
3845.539191
3845.539191
3845.539191
3845.539191
3845.539191
3845.539191
3845.539191
3848.282718
3848.282718
3848.282718
3848.282718
3848.282718
3848.282718
3848.282718
3849.993076
3849.993076
3849.993076
3849.993076
3849.993076
3849.993076
3850.964498
3850.964498
3850.964498
3850.964498
3850.964498
3851.575231
3851.575231
3851.575231
3851.575231
3851.575231
3851.575231
3851.997697
3851.997697
3851.997697
3851.997697
3851.997697
3852.252161
3852.252161
3852.252161
3852.252161
3852.252161
3852.409168
3852.409168
3852.409168
3852.409168
3852.511655
3852.511655
3852.511655
3852.511655
3852.511655
3852.562289
3852.562289
3852.562289
3852.562289
3852.571888
3852.571888
3852.571888
3852.571888
3852.561204
3852.561204
3852.561204
3852.561204
3852.501773
3852.501773
3852.501773
3852.501773
3852.420814
3852.420814
3852.420814
3852.291167
3852.291167
3852.291167
3852.291167
3852.056247
3852.056247
3852.056247
3851.650985
3851.650985
3851.650985
3851.650985
3851.069423
3851.069423
3851.069423
3850.081929
3850.081929
3850.081929
3848.402738
3848.402738
3848.402738
3845.391062
3845.391062
3845.391062
3841.274986
3841.274986
3829.161835
3829.161835
3829.161835
3809.079987
3809.079987
3809.079987
3803.694372
3803.694372
4118.842039
4118.842039
4118.842039
