101.055896
101.055896
101.055896
101.055896
101.055896
101.055896
101.055896
101.055896
101.055896
101.055896
101.055896
101.055896
101.055785
101.055785
101.055785
101.055785
101.055785
101.055785
101.055785
101.055785
101.055785
101.055785
101.055817
101.055817
101.055817
101.055817
101.055817
101.055817
101.055817
101.055817
101.055817
101.055817
101.055824
101.055824
101.055824
101.055824
101.055824
101.055824
101.055824
101.055824
101.055824
101.055843
101.055843
101.055843
101.055843
101.055843
101.055843
101.055843
101.055843
101.055848
101.055848
101.055848
101.055848
101.055848
101.055848
101.055848
101.055853
101.055853
101.055853
101.055853
101.055853
101.055853
101.055853
101.055876
101.055876
101.055876
101.055876
101.055876
101.055876
101.055876
101.055888
101.055888
101.055888
101.055888
101.055888
101.055888
101.055888
101.055888
101.055888
101.055888
101.055888
101.055880
101.055880
101.055880
101.055880
101.055880
101.055880
101.055857
101.055857
101.055857
101.055857
101.055857
101.055817
101.055817
101.055817
101.055817
101.055817
101.055762
101.055762
101.055762
101.055762
101.055696
101.055696
101.055696
101.055696
101.055696
101.055628
101.055628
101.055628
101.055628
101.055569
101.055569
101.055569
101.055569
101.055530
101.055530
101.055530
101.055530
101.055518
101.055518
101.055518
101.055518
101.055536
101.055536
101.055536
101.055580
101.055580
101.055580
101.055580
101.055642
101.055642
101.055642
101.055709
101.055709
101.055709
101.055709
101.055758
101.055758
101.055758
101.055780
101.055780
101.055780
101.055777
101.055777
101.055777
101.055747
101.055747
101.055747
101.055681
101.055681
101.055604
101.055604
101.055604
101.055616
101.055616
101.055616
101.055489
101.055489
101.055717
101.055717
101.055717
