5062.684388
5062.684388
5062.684388
5062.684388
5062.684388
5062.684388
5062.684388
5062.684388
5062.684388
5062.684388
5062.684388
5062.684388
4613.711795
4613.711795
4613.711795
4613.711795
4613.711795
4613.711795
4613.711795
4613.711795
4613.711795
4613.711795
4654.739434
4654.739434
4654.739434
4654.739434
4654.739434
4654.739434
4654.739434
4654.739434
4654.739434
4654.739434
4679.848863
4679.848863
4679.848863
4679.848863
4679.848863
4679.848863
4679.848863
4679.848863
4679.848863
4691.946661
4691.946661
4691.946661
4691.946661
4691.946661
4691.946661
4691.946661
4691.946661
4697.652312
4697.652312
4697.652312
4697.652312
4697.652312
4697.652312
4697.652312
4700.800033
4700.800033
4700.800033
4700.800033
4700.800033
4700.800033
4700.800033
4702.516909
4702.516909
4702.516909
4702.516909
4702.516909
4702.516909
4702.516909
4703.546368
4703.546368
4703.546368
4703.546368
4703.546368
4703.546368
4704.120374
4704.120374
4704.120374
4704.120374
4704.120374
4704.474501
4704.474501
4704.474501
4704.474501
4704.474501
4704.474501
4704.713161
4704.713161
4704.713161
4704.713161
4704.713161
4704.853899
4704.853899
4704.853899
4704.853899
4704.853899
4704.938370
4704.938370
4704.938370
4704.938370
4704.991698
4704.991698
4704.991698
4704.991698
4704.991698
4705.016829
4705.016829
4705.016829
4705.016829
4705.022265
4705.022265
4705.022265
4705.022265
4705.023836
4705.023836
4705.023836
4705.023836
4704.994251
4704.994251
4704.994251
4704.994251
4704.956420
4704.956420
4704.956420
4704.887401
4704.887401
4704.887401
4704.887401
4704.760527
4704.760527
4704.760527
4704.563715
4704.563715
4704.563715
4704.563715
4704.267462
4704.267462
4704.267462
4703.692420
4703.692420
4703.692420
4702.688438
4702.688438
4702.688438
4700.878559
4700.878559
4700.878559
4698.131012
4698.131012
4690.108491
4690.108491
4690.108491
4674.474615
4674.474615
4674.474615
4659.661715
4659.661715
4908.740621
4908.740621
4908.740621
