4294.453744
4294.453744
4294.453744
4294.453744
4294.453744
4294.453744
4294.453744
4294.453744
4294.453744
4294.453744
4294.453744
4294.453744
3761.452159
3761.452159
3761.452159
3761.452159
3761.452159
3761.452159
3761.452159
3761.452159
3761.452159
3761.452159
3790.110948
3790.110948
3790.110948
3790.110948
3790.110948
3790.110948
3790.110948
3790.110948
3790.110948
3790.110948
3819.510405
3819.510405
3819.510405
3819.510405
3819.510405
3819.510405
3819.510405
3819.510405
3819.510405
3836.017393
3836.017393
3836.017393
3836.017393
3836.017393
3836.017393
3836.017393
3836.017393
3844.230822
3844.230822
3844.230822
3844.230822
3844.230822
3844.230822
3844.230822
3849.054666
3849.054666
3849.054666
3849.054666
3849.054666
3849.054666
3849.054666
3851.805676
3851.805676
3851.805676
3851.805676
3851.805676
3851.805676
3851.805676
3853.531317
3853.531317
3853.531317
3853.531317
3853.531317
3853.531317
3854.517954
3854.517954
3854.517954
3854.517954
3854.517954
3855.135108
3855.135108
3855.135108
3855.135108
3855.135108
3855.135108
3855.553016
3855.553016
3855.553016
3855.553016
3855.553016
3855.805406
3855.805406
3855.805406
3855.805406
3855.805406
3855.958969
3855.958969
3855.958969
3855.958969
3856.056818
3856.056818
3856.056818
3856.056818
3856.056818
3856.106578
3856.106578
3856.106578
3856.106578
3856.115498
3856.115498
3856.115498
3856.115498
3856.092381
3856.092381
3856.092381
3856.092381
3856.033228
3856.033228
3856.033228
3856.033228
3855.935817
3855.935817
3855.935817
3855.792969
3855.792969
3855.792969
3855.792969
3855.560165
3855.560165
3855.560165
3855.153036
3855.153036
3855.153036
3855.153036
3854.561397
3854.561397
3854.561397
3853.596258
3853.596258
3853.596258
3851.975248
3851.975248
3851.975248
3849.018562
3849.018562
3849.018562
3844.620396
3844.620396
3831.863853
3831.863853
3831.863853
3812.540656
3812.540656
3812.540656
3808.080741
3808.080741
4120.419149
4120.419149
4120.419149
