9061.762992
9061.762992
9061.762992
9061.762992
9061.762992
9061.762992
9061.762992
9061.762992
9061.762992
9061.762992
9061.762992
9061.762992
8772.793225
8772.793225
8772.793225
8772.793225
8772.793225
8772.793225
8772.793225
8772.793225
8772.793225
8772.793225
8810.263761
8810.263761
8810.263761
8810.263761
8810.263761
8810.263761
8810.263761
8810.263761
8810.263761
8810.263761
8825.015519
8825.015519
8825.015519
8825.015519
8825.015519
8825.015519
8825.015519
8825.015519
8825.015519
8830.960928
8830.960928
8830.960928
8830.960928
8830.960928
8830.960928
8830.960928
8830.960928
8833.587771
8833.587771
8833.587771
8833.587771
8833.587771
8833.587771
8833.587771
8834.955363
8834.955363
8834.955363
8834.955363
8834.955363
8834.955363
8834.955363
8835.676640
8835.676640
8835.676640
8835.676640
8835.676640
8835.676640
8835.676640
8836.085266
8836.085266
8836.085266
8836.085266
8836.085266
8836.085266
8836.304882
8836.304882
8836.304882
8836.304882
8836.304882
8836.432122
8836.432122
8836.432122
8836.432122
8836.432122
8836.432122
8836.509547
8836.509547
8836.509547
8836.509547
8836.509547
8836.551715
8836.551715
8836.551715
8836.551715
8836.551715
8836.574050
8836.574050
8836.574050
8836.574050
8836.585068
8836.585068
8836.585068
8836.585068
8836.585068
8836.588334
8836.588334
8836.588334
8836.588334
8836.587042
8836.587042
8836.587042
8836.587042
8836.582858
8836.582858
8836.582858
8836.582858
8836.575097
8836.575097
8836.575097
8836.575097
8836.563532
8836.563532
8836.563532
8836.544134
8836.544134
8836.544134
8836.544134
8836.508277
8836.508277
8836.508277
8836.441290
8836.441290
8836.441290
8836.441290
8836.329153
8836.329153
8836.329153
8836.118383
8836.118383
8836.118383
8835.731494
8835.731494
8835.731494
8834.992936
8834.992936
8834.992936
8833.786141
8833.786141
8830.321249
8830.321249
8830.321249
8821.993468
8821.993468
8821.993468
8807.398268
8807.398268
8951.276888
8951.276888
8951.276888
