-5465.434540
-5465.434540
-5465.434540
-5465.434540
-5465.434540
-5465.434540
-5465.434540
-5465.434540
-5465.434540
-5465.434540
-5465.434540
-5465.434540
-6011.136103
-6011.136103
-6011.136103
-6011.136103
-6011.136103
-6011.136103
-6011.136103
-6011.136103
-6011.136103
-6011.136103
-5981.680242
-5981.680242
-5981.680242
-5981.680242
-5981.680242
-5981.680242
-5981.680242
-5981.680242
-5981.680242
-5981.680242
-5949.018830
-5949.018830
-5949.018830
-5949.018830
-5949.018830
-5949.018830
-5949.018830
-5949.018830
-5949.018830
-5931.169655
-5931.169655
-5931.169655
-5931.169655
-5931.169655
-5931.169655
-5931.169655
-5931.169655
-5922.263093
-5922.263093
-5922.263093
-5922.263093
-5922.263093
-5922.263093
-5922.263093
-5917.086910
-5917.086910
-5917.086910
-5917.086910
-5917.086910
-5917.086910
-5917.086910
-5914.192192
-5914.192192
-5914.192192
-5914.192192
-5914.192192
-5914.192192
-5914.192192
-5912.412049
-5912.412049
-5912.412049
-5912.412049
-5912.412049
-5912.412049
-5911.408779
-5911.408779
-5911.408779
-5911.408779
-5911.408779
-5910.776426
-5910.776426
-5910.776426
-5910.776426
-5910.776426
-5910.776426
-5910.336198
-5910.336198
-5910.336198
-5910.336198
-5910.336198
-5910.070084
-5910.070084
-5910.070084
-5910.070084
-5910.070084
-5909.904533
-5909.904533
-5909.904533
-5909.904533
-5909.794674
-5909.794674
-5909.794674
-5909.794674
-5909.794674
-5909.739488
-5909.739488
-5909.739488
-5909.739488
-5909.723441
-5909.723441
-5909.723441
-5909.723441
-5909.712788
-5909.712788
-5909.712788
-5909.712788
-5909.771121
-5909.771121
-5909.771121
-5909.771121
-5909.842748
-5909.842748
-5909.842748
-5909.976587
-5909.976587
-5909.976587
-5909.976587
-5910.221242
-5910.221242
-5910.221242
-5910.579267
-5910.579267
-5910.579267
-5910.579267
-5911.097034
-5911.097034
-5911.097034
-5912.120412
-5912.120412
-5912.120412
-5913.864456
-5913.864456
-5913.864456
-5916.886203
-5916.886203
-5916.886203
-5921.284587
-5921.284587
-5934.167492
-5934.167492
-5934.167492
-5956.791554
-5956.791554
-5956.791554
-5964.529448
-5964.529448
-5630.361072
-5630.361072
-5630.361072
