4036.443900
4036.443900
4036.443900
4036.443900
4036.443900
4036.443900
4036.443900
4036.443900
4036.443900
4036.443900
4036.443900
4036.443900
3459.288510
3459.288510
3459.288510
3459.288510
3459.288510
3459.288510
3459.288510
3459.288510
3459.288510
3459.288510
3469.558297
3469.558297
3469.558297
3469.558297
3469.558297
3469.558297
3469.558297
3469.558297
3469.558297
3469.558297
3498.611975
3498.611975
3498.611975
3498.611975
3498.611975
3498.611975
3498.611975
3498.611975
3498.611975
3517.831903
3517.831903
3517.831903
3517.831903
3517.831903
3517.831903
3517.831903
3517.831903
3528.088025
3528.088025
3528.088025
3528.088025
3528.088025
3528.088025
3528.088025
3534.464992
3534.464992
3534.464992
3534.464992
3534.464992
3534.464992
3534.464992
3538.151774
3538.151774
3538.151774
3538.151774
3538.151774
3538.151774
3538.151774
3540.530141
3540.530141
3540.530141
3540.530141
3540.530141
3540.530141
3541.902028
3541.902028
3541.902028
3541.902028
3541.902028
3542.782569
3542.782569
3542.782569
3542.782569
3542.782569
3542.782569
3543.408460
3543.408460
3543.408460
3543.408460
3543.408460
3543.788881
3543.788881
3543.788881
3543.788881
3543.788881
3544.025560
3544.025560
3544.025560
3544.025560
3544.183385
3544.183385
3544.183385
3544.183385
3544.183385
3544.265308
3544.265308
3544.265308
3544.265308
3544.288447
3544.288447
3544.288447
3544.288447
3544.276594
3544.276594
3544.276594
3544.276594
3544.187863
3544.187863
3544.187863
3544.187863
3544.051564
3544.051564
3544.051564
3543.835025
3543.835025
3543.835025
3543.835025
3543.467485
3543.467485
3543.467485
3542.869139
3542.869139
3542.869139
3542.869139
3542.038153
3542.038153
3542.038153
3540.595841
3540.595841
3540.595841
3538.242896
3538.242896
3538.242896
3534.164984
3534.164984
3534.164984
3528.971081
3528.971081
3513.387092
3513.387092
3513.387092
3491.354800
3491.354800
3491.354800
3499.187460
3499.187460
3858.093604
3858.093604
3858.093604
