3936.140512
3936.140512
3936.140512
3936.140512
3936.140512
3936.140512
3936.140512
3936.140512
3936.140512
3936.140512
3936.140512
3936.140512
3298.280500
3298.280500
3298.280500
3298.280500
3298.280500
3298.280500
3298.280500
3298.280500
3298.280500
3298.280500
3276.183026
3276.183026
3276.183026
3276.183026
3276.183026
3276.183026
3276.183026
3276.183026
3276.183026
3276.183026
3299.493786
3299.493786
3299.493786
3299.493786
3299.493786
3299.493786
3299.493786
3299.493786
3299.493786
3321.425631
3321.425631
3321.425631
3321.425631
3321.425631
3321.425631
3321.425631
3321.425631
3334.447894
3334.447894
3334.447894
3334.447894
3334.447894
3334.447894
3334.447894
3343.415401
3343.415401
3343.415401
3343.415401
3343.415401
3343.415401
3343.415401
3348.758384
3348.758384
3348.758384
3348.758384
3348.758384
3348.758384
3348.758384
3352.387210
3352.387210
3352.387210
3352.387210
3352.387210
3352.387210
3354.503731
3354.503731
3354.503731
3354.503731
3354.503731
3355.886472
3355.886472
3355.886472
3355.886472
3355.886472
3355.886472
3356.903766
3356.903766
3356.903766
3356.903766
3356.903766
3357.527090
3357.527090
3357.527090
3357.527090
3357.527090
3357.920122
3357.920122
3357.920122
3357.920122
3358.190680
3358.190680
3358.190680
3358.190680
3358.190680
3358.335339
3358.335339
3358.335339
3358.335339
3358.387102
3358.387102
3358.387102
3358.387102
3358.378656
3358.378656
3358.378656
3358.378656
3358.246220
3358.246220
3358.246220
3358.246220
3358.042349
3358.042349
3358.042349
3357.707468
3357.707468
3357.707468
3357.707468
3357.089417
3357.089417
3357.089417
3356.074000
3356.074000
3356.074000
3356.074000
3354.783593
3354.783593
3354.783593
3352.519320
3352.519320
3352.519320
3348.856884
3348.856884
3348.856884
3342.865187
3342.865187
3342.865187
3336.399045
3336.399045
3315.159745
3315.159745
3315.159745
3294.005234
3294.005234
3294.005234
3328.982410
3328.982410
3744.712241
3744.712241
3744.712241
