9062.157675
9062.157675
9062.157675
9062.157675
9062.157675
9062.157675
9062.157675
9062.157675
9062.157675
9062.157675
9062.157675
9062.157675
8778.121783
8778.121783
8778.121783
8778.121783
8778.121783
8778.121783
8778.121783
8778.121783
8778.121783
8778.121783
8809.323352
8809.323352
8809.323352
8809.323352
8809.323352
8809.323352
8809.323352
8809.323352
8809.323352
8809.323352
8823.496304
8823.496304
8823.496304
8823.496304
8823.496304
8823.496304
8823.496304
8823.496304
8823.496304
8830.207127
8830.207127
8830.207127
8830.207127
8830.207127
8830.207127
8830.207127
8830.207127
8833.219134
8833.219134
8833.219134
8833.219134
8833.219134
8833.219134
8833.219134
8834.750760
8834.750760
8834.750760
8834.750760
8834.750760
8834.750760
8834.750760
8835.528266
8835.528266
8835.528266
8835.528266
8835.528266
8835.528266
8835.528266
8835.957731
8835.957731
8835.957731
8835.957731
8835.957731
8835.957731
8836.185055
8836.185055
8836.185055
8836.185055
8836.185055
8836.315552
8836.315552
8836.315552
8836.315552
8836.315552
8836.315552
8836.394641
8836.394641
8836.394641
8836.394641
8836.394641
8836.437415
8836.437415
8836.437415
8836.437415
8836.437415
8836.459991
8836.459991
8836.459991
8836.459991
8836.471119
8836.471119
8836.471119
8836.471119
8836.471119
8836.474424
8836.474424
8836.474424
8836.474424
8836.473112
8836.473112
8836.473112
8836.473112
8836.468921
8836.468921
8836.468921
8836.468921
8836.461013
8836.461013
8836.461013
8836.461013
8836.449227
8836.449227
8836.449227
8836.429501
8836.429501
8836.429501
8836.429501
8836.392757
8836.392757
8836.392757
8836.323387
8836.323387
8836.323387
8836.323387
8836.207195
8836.207195
8836.207195
8835.984474
8835.984474
8835.984474
8835.560946
8835.560946
8835.560946
8834.708880
8834.708880
8834.708880
8833.429650
8833.429650
8829.531153
8829.531153
8829.531153
8822.819143
8822.819143
8822.819143
8807.821715
8807.821715
8952.081524
8952.081524
8952.081524
