9141.861697
9141.861697
9141.861697
9141.861697
9141.861697
9141.861697
9141.861697
9141.861697
9141.861697
9141.861697
9141.861697
9141.861697
8724.546963
8724.546963
8724.546963
8724.546963
8724.546963
8724.546963
8724.546963
8724.546963
8724.546963
8724.546963
8794.366153
8794.366153
8794.366153
8794.366153
8794.366153
8794.366153
8794.366153
8794.366153
8794.366153
8794.366153
8820.634496
8820.634496
8820.634496
8820.634496
8820.634496
8820.634496
8820.634496
8820.634496
8820.634496
8829.360965
8829.360965
8829.360965
8829.360965
8829.360965
8829.360965
8829.360965
8829.360965
8832.752131
8832.752131
8832.752131
8832.752131
8832.752131
8832.752131
8832.752131
8834.285163
8834.285163
8834.285163
8834.285163
8834.285163
8834.285163
8834.285163
8835.050179
8835.050179
8835.050179
8835.050179
8835.050179
8835.050179
8835.050179
8835.457254
8835.457254
8835.457254
8835.457254
8835.457254
8835.457254
8835.682515
8835.682515
8835.682515
8835.682515
8835.682515
8835.810252
8835.810252
8835.810252
8835.810252
8835.810252
8835.810252
8835.882895
8835.882895
8835.882895
8835.882895
8835.882895
8835.923497
8835.923497
8835.923497
8835.923497
8835.923497
8835.945247
8835.945247
8835.945247
8835.945247
8835.954860
8835.954860
8835.954860
8835.954860
8835.954860
8835.957407
8835.957407
8835.957407
8835.957407
8835.956363
8835.956363
8835.956363
8835.956363
8835.951811
8835.951811
8835.951811
8835.951811
8835.944352
8835.944352
8835.944352
8835.944352
8835.932272
8835.932272
8835.932272
8835.911376
8835.911376
8835.911376
8835.911376
8835.874634
8835.874634
8835.874634
8835.807899
8835.807899
8835.807899
8835.807899
8835.685534
8835.685534
8835.685534
8835.460070
8835.460070
8835.460070
8835.031299
8835.031299
8835.031299
8834.165661
8834.165661
8834.165661
8832.248494
8832.248494
8827.062166
8827.062166
8827.062166
8810.783095
8810.783095
8810.783095
8789.894718
8789.894718
8991.834588
8991.834588
8991.834588
