300.782485
300.878211
300.954441
301.017586
301.070917
301.116335
301.155046
301.187850
301.215264
301.237553
301.254662
301.265940
301.262987
301.268976
301.275590
301.282082
301.288174
301.293774
301.298875
301.303513
301.307759
301.311722
301.315946
301.319151
301.321869
301.324205
301.326235
301.328020
301.329617
301.331085
301.332494
301.333949
301.336020
301.337271
301.338256
301.339065
301.339755
301.340364
301.340929
301.341493
301.342118
301.343143
301.343703
301.344125
301.344465
301.344756
301.345021
301.345286
301.345587
301.346103
301.346376
301.346580
301.346747
301.346895
301.347043
301.347214
301.347519
301.347674
301.347786
301.347876
301.347956
301.348036
301.348131
301.348307
301.348394
301.348457
301.348506
301.348550
301.348596
301.348653
301.348765
301.348819
301.348857
301.348889
301.348919
301.348955
301.349024
301.349058
301.349082
301.349104
301.349128
301.349173
301.349194
301.349208
301.349219
301.349230
301.349244
301.349273
301.349286
301.349295
301.349302
301.349311
301.349330
301.349338
301.349343
301.349347
301.349352
301.349364
301.349368
301.349372
301.349375
301.349382
301.349385
301.349386
301.349387
301.349388
301.349391
301.349392
301.349392
301.349392
301.349392
301.349391
301.349390
301.349389
301.349385
301.349382
301.349379
301.349376
301.349370
301.349367
301.349364
301.349360
301.349350
301.349344
301.349338
301.349324
301.349317
301.349311
301.349302
301.349279
301.349266
301.349250
301.349211
301.349193
301.349178
301.349155
301.349094
301.349060
301.349018
301.348913
301.348856
301.348783
301.348602
301.348501
301.348368
301.348032
301.347835
301.347567
301.346917
301.346299
301.344770
301.343860
301.342591
301.339576
301.337001
301.332997
301.325650
301.313817
301.304262
301.230225
301.063970
