300.786525
300.912571
301.000363
301.064624
301.112997
301.149967
301.178394
301.200189
301.216646
301.228588
301.236400
301.239852
301.232508
301.232465
301.233248
301.234295
301.235399
301.236493
301.237576
301.238687
301.239913
301.241428
301.244472
301.245885
301.246880
301.247626
301.248211
301.248694
301.249118
301.249526
301.249968
301.250526
301.251703
301.252223
301.252574
301.252829
301.253026
301.253189
301.253338
301.253494
301.253690
301.254105
301.254286
301.254406
301.254493
301.254561
301.254622
301.254684
301.254763
301.254932
301.255004
301.255052
301.255088
301.255117
301.255147
301.255183
301.255263
301.255297
301.255319
301.255334
301.255348
301.255361
301.255379
301.255420
301.255437
301.255447
301.255455
301.255461
301.255468
301.255477
301.255499
301.255508
301.255514
301.255518
301.255522
301.255528
301.255541
301.255546
301.255549
301.255552
301.255556
301.255563
301.255566
301.255568
301.255570
301.255571
301.255573
301.255577
301.255579
301.255580
301.255581
301.255582
301.255584
301.255585
301.255586
301.255586
301.255587
301.255588
301.255589
301.255589
301.255589
301.255590
301.255590
301.255590
301.255590
301.255591
301.255591
301.255591
301.255591
301.255591
301.255591
301.255591
301.255591
301.255591
301.255590
301.255590
301.255590
301.255590
301.255589
301.255589
301.255589
301.255589
301.255588
301.255587
301.255587
301.255585
301.255584
301.255584
301.255583
301.255580
301.255579
301.255577
301.255572
301.255570
301.255568
301.255565
301.255555
301.255551
301.255545
301.255526
301.255517
301.255506
301.255469
301.255453
301.255430
301.255352
301.255315
301.255257
301.255059
301.254905
301.254423
301.254194
301.253810
301.252338
301.251735
301.250886
301.248310
301.246467
301.249954
301.216196
301.102888
