300.759192
300.863340
300.944134
301.009240
301.062688
301.106916
301.143548
301.173722
301.198242
301.217624
301.232054
301.241165
301.238010
301.242174
301.246728
301.251107
301.255124
301.258742
301.261986
301.264919
301.267630
301.270259
301.273566
301.275705
301.277413
301.278816
301.279991
301.280996
301.281882
301.282696
301.283496
301.284368
301.285799
301.286563
301.287131
301.287579
301.287947
301.288266
301.288563
301.288867
301.289223
301.289880
301.290204
301.290437
301.290617
301.290767
301.290904
301.291043
301.291210
301.291529
301.291683
301.291793
301.291879
301.291955
301.292032
301.292124
301.292304
301.292389
301.292447
301.292492
301.292531
301.292571
301.292620
301.292722
301.292768
301.292799
301.292824
301.292845
301.292867
301.292896
301.292958
301.292985
301.293003
301.293018
301.293032
301.293050
301.293087
301.293103
301.293115
301.293125
301.293136
301.293159
301.293169
301.293175
301.293180
301.293184
301.293190
301.293204
301.293210
301.293213
301.293216
301.293220
301.293229
301.293232
301.293233
301.293234
301.293236
301.293241
301.293243
301.293244
301.293245
301.293247
301.293248
301.293247
301.293246
301.293246
301.293247
301.293246
301.293246
301.293245
301.293244
301.293243
301.293242
301.293241
301.293239
301.293236
301.293234
301.293231
301.293228
301.293226
301.293223
301.293221
301.293215
301.293212
301.293208
301.293201
301.293197
301.293193
301.293187
301.293175
301.293168
301.293159
301.293140
301.293131
301.293123
301.293112
301.293081
301.293064
301.293043
301.292985
301.292955
301.292918
301.292816
301.292765
301.292698
301.292512
301.292416
301.292285
301.291932
301.291617
301.290758
301.290298
301.289620
301.287694
301.286324
301.284083
301.279071
301.271924
301.266810
301.207647
301.056513
