301.888901
302.173627
302.380237
302.537583
302.660714
302.758556
302.836906
302.899750
302.949906
302.989336
303.019245
303.039884
303.042865
303.053764
303.063986
303.073057
303.080938
303.087740
303.093627
303.098787
303.103437
303.107864
303.113459
303.116948
303.119671
303.121856
303.123643
303.125135
303.126412
303.127549
303.128627
303.129759
303.131535
303.132493
303.133203
303.133756
303.134206
303.134589
303.134936
303.135281
303.135672
303.136365
303.136713
303.136963
303.137156
303.137316
303.137460
303.137604
303.137771
303.138080
303.138233
303.138343
303.138430
303.138506
303.138581
303.138668
303.138830
303.138908
303.138962
303.139005
303.139042
303.139079
303.139124
303.139212
303.139255
303.139286
303.139310
303.139331
303.139352
303.139377
303.139427
303.139450
303.139466
303.139479
303.139492
303.139507
303.139537
303.139551
303.139561
303.139570
303.139579
303.139597
303.139604
303.139609
303.139612
303.139614
303.139617
303.139625
303.139628
303.139630
303.139631
303.139633
303.139637
303.139638
303.139637
303.139637
303.139637
303.139640
303.139640
303.139640
303.139639
303.139639
303.139638
303.139635
303.139634
303.139632
303.139631
303.139630
303.139628
303.139626
303.139625
303.139624
303.139623
303.139621
303.139617
303.139612
303.139607
303.139604
303.139601
303.139600
303.139598
303.139595
303.139590
303.139586
303.139583
303.139577
303.139573
303.139570
303.139566
303.139558
303.139552
303.139544
303.139528
303.139520
303.139513
303.139504
303.139479
303.139463
303.139445
303.139398
303.139373
303.139339
303.139254
303.139209
303.139148
303.138988
303.138897
303.138770
303.138435
303.138128
303.137313
303.136819
303.136044
303.133846
303.131938
303.128349
303.119445
303.105333
303.083860
302.970810
302.653733
