300.780085
300.905131
300.992283
301.056143
301.104300
301.141212
301.169736
301.191798
301.208725
301.221409
301.230360
301.235614
301.232938
301.234765
301.236779
301.238668
301.240348
301.241815
301.243099
301.244247
301.245324
301.246428
301.248134
301.249044
301.249714
301.250229
301.250638
301.250975
301.251266
301.251537
301.251816
301.252150
301.252812
301.253115
301.253324
301.253478
301.253600
301.253705
301.253805
301.253914
301.254057
301.254370
301.254506
301.254595
301.254661
301.254714
301.254762
301.254813
301.254880
301.255028
301.255091
301.255133
301.255164
301.255191
301.255218
301.255253
301.255332
301.255365
301.255386
301.255402
301.255415
301.255428
301.255446
301.255488
301.255504
301.255515
301.255523
301.255529
301.255536
301.255546
301.255569
301.255579
301.255585
301.255589
301.255593
301.255599
301.255612
301.255617
301.255621
301.255624
301.255627
301.255635
301.255638
301.255640
301.255641
301.255643
301.255645
301.255649
301.255651
301.255652
301.255653
301.255654
301.255657
301.255658
301.255659
301.255659
301.255660
301.255661
301.255662
301.255662
301.255663
301.255663
301.255664
301.255664
301.255664
301.255664
301.255664
301.255664
301.255664
301.255664
301.255664
301.255664
301.255664
301.255664
301.255664
301.255664
301.255663
301.255663
301.255663
301.255663
301.255662
301.255662
301.255661
301.255661
301.255660
301.255659
301.255658
301.255658
301.255657
301.255654
301.255652
301.255651
301.255645
301.255643
301.255642
301.255639
301.255629
301.255625
301.255619
301.255600
301.255592
301.255581
301.255545
301.255529
301.255508
301.255433
301.255403
301.255361
301.255226
301.255118
301.254766
301.254624
301.254423
301.253740
301.253315
301.252522
301.250136
301.247399
301.246104
301.211421
301.098257
