300.758663
300.862729
300.943466
301.008533
301.061956
301.106168
301.142791
301.172966
301.197497
301.216899
301.231365
301.240536
301.237541
301.241770
301.246367
301.250777
301.254817
301.258453
301.261712
301.264657
301.267380
301.270022
301.273352
301.275501
301.277216
301.278624
301.279801
301.280807
301.281691
301.282501
301.283295
301.284156
301.285557
301.286308
301.286867
301.287306
301.287667
301.287978
301.288265
301.288554
301.288888
301.289488
301.289789
301.290007
301.290178
301.290320
301.290451
301.290585
301.290746
301.291054
301.291203
301.291310
301.291395
301.291471
301.291549
301.291644
301.291834
301.291922
301.291983
301.292030
301.292070
301.292112
301.292165
301.292274
301.292324
301.292357
301.292383
301.292406
301.292429
301.292460
301.292528
301.292557
301.292577
301.292592
301.292607
301.292626
301.292665
301.292683
301.292695
301.292705
301.292717
301.292742
301.292753
301.292759
301.292764
301.292769
301.292775
301.292791
301.292798
301.292801
301.292805
301.292809
301.292818
301.292822
301.292823
301.292825
301.292827
301.292832
301.292834
301.292835
301.292836
301.292839
301.292840
301.292839
301.292839
301.292839
301.292840
301.292839
301.292839
301.292838
301.292837
301.292836
301.292835
301.292834
301.292834
301.292832
301.292830
301.292827
301.292823
301.292821
301.292818
301.292816
301.292811
301.292808
301.292804
301.292797
301.292793
301.292789
301.292783
301.292770
301.292763
301.292754
301.292733
301.292724
301.292715
301.292703
301.292669
301.292651
301.292628
301.292566
301.292536
301.292496
301.292389
301.292336
301.292268
301.292078
301.291981
301.291850
301.291499
301.291189
301.290355
301.289873
301.289107
301.286759
301.285327
301.283172
301.278695
301.271745
301.267055
301.207982
301.056846
