299.937733
299.898392
299.880503
299.874621
299.875758
299.880940
299.888234
299.896283
299.904060
299.910685
299.915234
299.916376
299.904989
299.904387
299.905730
299.907999
299.910703
299.913584
299.916504
299.919394
299.922241
299.925088
299.928439
299.930934
299.933083
299.934966
299.936636
299.938138
299.939517
299.940820
299.942113
299.943503
299.945613
299.946844
299.947806
299.948595
299.949269
299.949867
299.950428
299.950994
299.951634
299.952710
299.953289
299.953723
299.954072
299.954371
299.954644
299.954919
299.955234
299.955784
299.956071
299.956285
299.956460
299.956615
299.956770
299.956950
299.957274
299.957437
299.957555
299.957649
299.957732
299.957815
299.957914
299.958098
299.958188
299.958252
299.958303
299.958348
299.958394
299.958452
299.958567
299.958621
299.958659
299.958690
299.958720
299.958756
299.958825
299.958858
299.958882
299.958903
299.958927
299.958971
299.958992
299.959006
299.959017
299.959028
299.959042
299.959072
299.959085
299.959094
299.959102
299.959111
299.959130
299.959138
299.959144
299.959149
299.959154
299.959166
299.959172
299.959175
299.959179
299.959188
299.959191
299.959193
299.959194
299.959195
299.959199
299.959201
299.959201
299.959202
299.959203
299.959203
299.959202
299.959202
299.959202
299.959201
299.959199
299.959197
299.959191
299.959188
299.959186
299.959183
299.959175
299.959171
299.959165
299.959152
299.959146
299.959140
299.959131
299.959107
299.959095
299.959080
299.959046
299.959030
299.959016
299.958994
299.958940
299.958908
299.958866
299.958758
299.958699
299.958625
299.958436
299.958333
299.958200
299.957859
299.957663
299.957397
299.956749
299.956133
299.954598
299.953696
299.952429
299.949290
299.947007
299.943832
299.938507
299.932573
299.939628
299.907125
299.865991
