300.858833
300.951174
301.025713
301.088374
301.142152
301.188755
301.229229
301.264224
301.294109
301.318995
301.338651
301.352188
301.349861
301.358164
301.367461
301.376812
301.385820
301.394307
301.402197
301.409464
301.416108
301.422137
301.427474
301.432432
301.436943
301.441036
301.444749
301.448126
301.451215
301.454069
301.456755
301.459373
301.462449
301.464676
301.466565
301.468208
301.469665
301.470984
301.472210
301.473398
301.474630
301.476333
301.477414
301.478289
301.479033
301.479688
301.480290
301.480877
301.481501
301.482420
301.482976
301.483421
301.483800
301.484145
301.484483
301.484853
301.485432
301.485763
301.486020
301.486234
301.486427
301.486616
301.486827
301.487170
301.487360
301.487505
301.487626
301.487736
301.487848
301.487977
301.488203
301.488324
301.488415
301.488493
301.488568
301.488652
301.488794
301.488871
301.488931
301.488985
301.489043
301.489138
301.489188
301.489225
301.489256
301.489286
301.489322
301.489387
301.489420
301.489445
301.489466
301.489490
301.489533
301.489554
301.489569
301.489582
301.489597
301.489624
301.489638
301.489648
301.489659
301.489677
301.489686
301.489691
301.489695
301.489700
301.489709
301.489712
301.489714
301.489715
301.489717
301.489717
301.489716
301.489713
301.489709
301.489705
301.489700
301.489693
301.489680
301.489672
301.489665
301.489654
301.489634
301.489620
301.489605
301.489574
301.489557
301.489539
301.489514
301.489459
301.489424
301.489382
301.489293
301.489246
301.489202
301.489142
301.489008
301.488922
301.488814
301.488581
301.488433
301.488251
301.487857
301.487602
301.487279
301.486580
301.486104
301.485484
301.484251
301.482923
301.480108
301.478050
301.475289
301.470002
301.464560
301.456706
301.445369
301.425612
301.409391
301.319055
301.138252
