300.759109
300.863245
300.944029
301.009129
301.062572
301.106797
301.143426
301.173599
301.198119
301.217502
301.231934
301.241049
301.237906
301.242075
301.246632
301.251013
301.255032
301.258651
301.261896
301.264830
301.267541
301.270171
301.273480
301.275619
301.277328
301.278731
301.279907
301.280912
301.281797
301.282611
301.283411
301.284283
301.285712
301.286476
301.287044
301.287490
301.287858
301.288177
301.288474
301.288777
301.289132
301.289787
301.290110
301.290342
301.290522
301.290672
301.290808
301.290946
301.291113
301.291429
301.291583
301.291692
301.291778
301.291853
301.291929
301.292021
301.292201
301.292284
301.292342
301.292387
301.292426
301.292466
301.292516
301.292617
301.292664
301.292695
301.292720
301.292741
301.292764
301.292793
301.292855
301.292883
301.292901
301.292916
301.292930
301.292948
301.292986
301.293002
301.293014
301.293024
301.293036
301.293059
301.293069
301.293076
301.293080
301.293084
301.293090
301.293105
301.293111
301.293114
301.293117
301.293121
301.293130
301.293133
301.293135
301.293136
301.293138
301.293143
301.293145
301.293146
301.293147
301.293149
301.293150
301.293149
301.293149
301.293148
301.293149
301.293149
301.293148
301.293147
301.293146
301.293146
301.293145
301.293143
301.293141
301.293139
301.293136
301.293134
301.293130
301.293128
301.293126
301.293123
301.293118
301.293115
301.293111
301.293103
301.293099
301.293095
301.293090
301.293077
301.293070
301.293061
301.293042
301.293032
301.293024
301.293013
301.292982
301.292965
301.292943
301.292885
301.292855
301.292817
301.292714
301.292663
301.292596
301.292410
301.292313
301.292180
301.291822
301.291503
301.290632
301.290172
301.289505
301.287631
301.286271
301.284027
301.278987
301.271839
301.266752
301.207596
301.056468
