300.817960
300.910784
300.985380
301.047789
301.101076
301.146992
301.186620
301.220652
301.249497
301.273313
301.291931
301.304554
301.302015
301.309357
301.317518
301.325640
301.333378
301.340592
301.347238
301.353321
301.358875
301.363956
301.368785
301.372916
301.376569
301.379811
301.382700
301.385290
301.387635
301.389795
301.391839
301.393874
301.396462
301.398195
301.399620
301.400831
301.401887
301.402833
301.403713
301.404575
301.405494
301.406868
301.407682
301.408321
301.408852
301.409313
301.409737
301.410153
301.410610
301.411331
301.411741
301.412059
301.412326
301.412566
301.412802
301.413067
301.413508
301.413747
301.413927
301.414074
301.414206
301.414336
301.414484
301.414741
301.414876
301.414976
301.415058
301.415132
301.415207
301.415297
301.415464
301.415549
301.415611
301.415664
301.415714
301.415772
301.415876
301.415930
301.415971
301.416007
301.416047
301.416116
301.416150
301.416175
301.416196
301.416215
301.416239
301.416287
301.416309
301.416325
301.416340
301.416356
301.416386
301.416400
301.416410
301.416419
301.416429
301.416448
301.416457
301.416464
301.416470
301.416483
301.416489
301.416492
301.416494
301.416497
301.416503
301.416506
301.416507
301.416508
301.416509
301.416509
301.416508
301.416507
301.416505
301.416502
301.416498
301.416494
301.416485
301.416480
301.416475
301.416468
301.416454
301.416445
301.416434
301.416412
301.416400
301.416389
301.416373
301.416334
301.416311
301.416284
301.416224
301.416194
301.416167
301.416129
301.416039
301.415983
301.415911
301.415743
301.415644
301.415520
301.415234
301.415061
301.414840
301.414323
301.413999
301.413573
301.412659
301.411716
301.409572
301.408126
301.406144
301.401930
301.397958
301.392008
301.382530
301.366464
301.353439
301.269940
301.095414
