300.867409
300.961119
301.036614
301.099976
301.154287
301.201303
301.242102
301.277358
301.307457
301.332522
301.352334
301.366019
301.363891
301.372304
301.381683
301.391094
301.400146
301.408663
301.416570
301.423842
301.430476
301.436475
301.441708
301.446628
301.451116
301.455194
301.458897
301.462268
301.465352
301.468203
301.470888
301.473507
301.476589
301.478818
301.480708
301.482352
301.483811
301.485131
301.486360
301.487551
301.488789
301.490511
301.491598
301.492478
301.493223
301.493880
301.494484
301.495073
301.495700
301.496626
301.497185
301.497631
301.498011
301.498356
301.498694
301.499063
301.499644
301.499975
301.500232
301.500446
301.500638
301.500827
301.501038
301.501382
301.501572
301.501717
301.501838
301.501948
301.502059
301.502189
301.502415
301.502537
301.502629
301.502707
301.502782
301.502867
301.503010
301.503088
301.503149
301.503204
301.503262
301.503359
301.503410
301.503448
301.503480
301.503511
301.503547
301.503614
301.503648
301.503673
301.503696
301.503720
301.503764
301.503786
301.503802
301.503816
301.503831
301.503859
301.503873
301.503884
301.503895
301.503914
301.503922
301.503928
301.503932
301.503937
301.503946
301.503950
301.503952
301.503954
301.503956
301.503956
301.503955
301.503953
301.503949
301.503944
301.503939
301.503932
301.503919
301.503911
301.503903
301.503892
301.503869
301.503854
301.503837
301.503803
301.503785
301.503766
301.503741
301.503683
301.503648
301.503607
301.503518
301.503473
301.503429
301.503369
301.503237
301.503150
301.503041
301.502802
301.502653
301.502470
301.502075
301.501821
301.501498
301.500799
301.500321
301.499696
301.498441
301.497104
301.494269
301.492203
301.489431
301.484093
301.478650
301.470806
301.459589
301.439810
301.423534
301.332781
301.150687
