300.782037
300.877692
300.953873
301.016985
301.070293
301.115695
301.154396
301.187197
301.214615
301.236915
301.254044
301.265358
301.262505
301.268533
301.275171
301.281680
301.287783
301.293390
301.298494
301.303133
301.307374
301.311327
301.315521
301.318714
301.321424
301.323755
301.325780
301.327562
301.329156
301.330621
301.332026
301.333476
301.335535
301.336781
301.337762
301.338570
301.339257
301.339865
301.340429
301.340991
301.341615
301.342636
301.343193
301.343615
301.343955
301.344245
301.344511
301.344776
301.345077
301.345595
301.345869
301.346074
301.346241
301.346390
301.346539
301.346710
301.347017
301.347172
301.347285
301.347375
301.347455
301.347535
301.347630
301.347806
301.347893
301.347955
301.348005
301.348049
301.348094
301.348151
301.348262
301.348316
301.348354
301.348385
301.348415
301.348451
301.348519
301.348552
301.348577
301.348598
301.348622
301.348667
301.348687
301.348701
301.348713
301.348724
301.348737
301.348767
301.348780
301.348788
301.348796
301.348805
301.348824
301.348832
301.348837
301.348841
301.348847
301.348858
301.348863
301.348867
301.348870
301.348877
301.348880
301.348881
301.348882
301.348883
301.348886
301.348887
301.348887
301.348887
301.348887
301.348887
301.348886
301.348885
301.348882
301.348879
301.348877
301.348873
301.348868
301.348865
301.348862
301.348858
301.348849
301.348844
301.348838
301.348825
301.348818
301.348812
301.348803
301.348780
301.348767
301.348751
301.348712
301.348695
301.348679
301.348657
301.348596
301.348563
301.348520
301.348414
301.348355
301.348281
301.348095
301.347993
301.347859
301.347519
301.347324
301.347062
301.346438
301.345837
301.344361
301.343459
301.342181
301.339104
301.336512
301.332491
301.325082
301.313282
301.303961
301.229983
301.063765
