300.817966
300.910791
300.985387
301.047797
301.101084
301.147000
301.186629
301.220660
301.249504
301.273320
301.291936
301.304557
301.302013
301.309353
301.317512
301.325633
301.333370
301.340584
301.347229
301.353311
301.358863
301.363943
301.368768
301.372898
301.376550
301.379791
301.382680
301.385271
301.387617
301.389778
301.391824
301.393863
301.396461
301.398198
301.399625
301.400837
301.401894
301.402841
301.403720
301.404582
301.405500
301.406869
301.407682
301.408319
301.408849
301.409310
301.409733
301.410149
301.410604
301.411322
301.411731
301.412049
301.412315
301.412554
301.412791
301.413055
301.413495
301.413733
301.413913
301.414060
301.414192
301.414322
301.414471
301.414728
301.414864
301.414964
301.415046
301.415120
301.415196
301.415287
301.415453
301.415538
301.415601
301.415654
301.415704
301.415763
301.415867
301.415921
301.415962
301.415998
301.416038
301.416107
301.416142
301.416167
301.416187
301.416207
301.416231
301.416278
301.416301
301.416317
301.416331
301.416347
301.416377
301.416392
301.416402
301.416410
301.416420
301.416440
301.416449
301.416456
301.416463
301.416475
301.416481
301.416484
301.416487
301.416490
301.416496
301.416498
301.416499
301.416500
301.416501
301.416501
301.416501
301.416499
301.416496
301.416493
301.416489
301.416485
301.416476
301.416471
301.416466
301.416459
301.416444
301.416435
301.416425
301.416403
301.416392
301.416381
301.416365
301.416326
301.416304
301.416277
301.416215
301.416186
301.416158
301.416119
301.416025
301.415968
301.415895
301.415728
301.415629
301.415505
301.415221
301.415050
301.414830
301.414318
301.413995
301.413567
301.412644
301.411700
301.409566
301.408121
301.406139
301.401923
301.397951
301.392000
301.382522
301.366453
301.353414
301.269912
301.095388
