300.008710
300.010107
300.011082
300.011798
300.012340
300.012759
300.013085
300.013343
300.013547
300.013709
300.013839
300.013942
300.014025
300.014092
300.014146
300.014189
300.014223
300.014251
300.014273
300.014291
300.014305
300.014317
300.014326
300.014333
300.014339
300.014344
300.014347
300.014350
300.014353
300.014354
300.014356
300.014357
300.014358
300.014359
300.014359
300.014360
300.014360
300.014360
300.014360
300.014361
300.014361
300.014361
300.014361
300.014361
300.014361
300.014361
300.014361
300.014361
300.014361
300.014361
300.014361
300.014361
300.014361
300.014361
300.014361
300.014361
300.014361
300.014361
300.014361
300.014361
300.014361
300.014361
300.014361
300.014361
300.014361
300.014361
300.014361
300.014361
300.014361
300.014361
300.014361
300.014361
300.014361
300.014361
300.014361
300.014361
300.014361
300.014361
300.014361
300.014361
300.014361
300.014361
300.014361
300.014361
300.014361
300.014361
300.014361
300.014361
300.014361
300.014361
300.014361
300.014361
300.014361
300.014361
300.014361
300.014361
300.014361
300.014361
300.014361
300.014361
300.014361
300.014361
300.014361
300.014361
300.014361
300.014361
300.014361
300.014361
300.014361
300.014361
300.014361
300.014361
300.014361
300.014361
300.014361
300.014361
300.014361
300.014361
300.014361
300.014361
300.014361
300.014361
300.014361
300.014361
300.014361
300.014361
300.014361
300.014361
300.014361
300.014361
300.014361
300.014361
300.014361
300.014361
300.014361
300.014361
300.014361
300.014361
300.014361
300.014361
300.014361
300.014361
300.014361
300.014361
300.014361
300.014361
300.014361
300.014361
300.014361
300.014361
300.014361
300.014361
300.014360
300.014358
300.014355
300.014346
300.014324
300.014267
300.014116
300.013693
300.012406
