300.858820
300.951159
301.025697
301.088357
301.142135
301.188738
301.229211
301.264206
301.294092
301.318979
301.338635
301.352175
301.349853
301.358158
301.367456
301.376808
301.385817
301.394304
301.402194
301.409461
301.416105
301.422134
301.427471
301.432428
301.436938
301.441031
301.444745
301.448121
301.451210
301.454063
301.456749
301.459368
301.462442
301.464669
301.466557
301.468201
301.469658
301.470976
301.472203
301.473391
301.474623
301.476328
301.477409
301.478285
301.479028
301.479684
301.480286
301.480873
301.481497
301.482415
301.482971
301.483416
301.483795
301.484140
301.484478
301.484846
301.485424
301.485755
301.486011
301.486225
301.486418
301.486607
301.486817
301.487160
301.487350
301.487495
301.487616
301.487726
301.487837
301.487966
301.488192
301.488313
301.488405
301.488483
301.488557
301.488642
301.488783
301.488861
301.488921
301.488975
301.489033
301.489128
301.489179
301.489216
301.489247
301.489277
301.489313
301.489379
301.489412
301.489436
301.489458
301.489482
301.489525
301.489546
301.489561
301.489574
301.489589
301.489616
301.489630
301.489640
301.489651
301.489669
301.489678
301.489683
301.489687
301.489692
301.489701
301.489704
301.489706
301.489708
301.489710
301.489709
301.489708
301.489706
301.489702
301.489698
301.489693
301.489686
301.489673
301.489666
301.489658
301.489647
301.489627
301.489613
301.489597
301.489565
301.489547
301.489530
301.489505
301.489449
301.489414
301.489372
301.489283
301.489237
301.489194
301.489134
301.489002
301.488916
301.488808
301.488574
301.488425
301.488242
301.487849
301.487594
301.487271
301.486574
301.486097
301.485477
301.484243
301.482915
301.480100
301.478041
301.475280
301.469993
301.464550
301.456696
301.445360
301.425604
301.409393
301.319059
301.138257
