300.780037
300.905074
300.992218
301.056070
301.104216
301.141118
301.169628
301.191673
301.208577
301.221231
301.230138
301.235325
301.232478
301.234239
301.236212
301.238078
301.239748
301.241217
301.242515
301.243694
301.244822
301.246014
301.247953
301.248957
301.249688
301.250246
301.250686
301.251047
301.251358
301.251644
301.251938
301.252288
301.252978
301.253293
301.253510
301.253669
301.253794
301.253898
301.253996
301.254099
301.254231
301.254512
301.254634
301.254716
301.254776
301.254823
301.254867
301.254912
301.254971
301.255101
301.255157
301.255193
301.255221
301.255245
301.255269
301.255300
301.255371
301.255400
301.255419
301.255433
301.255445
301.255457
301.255474
301.255512
301.255528
301.255537
301.255544
301.255551
301.255557
301.255566
301.255589
301.255598
301.255603
301.255607
301.255611
301.255617
301.255630
301.255635
301.255638
301.255641
301.255644
301.255652
301.255655
301.255657
301.255658
301.255659
301.255661
301.255666
301.255668
301.255669
301.255670
301.255671
301.255673
301.255674
301.255675
301.255675
301.255676
301.255677
301.255678
301.255678
301.255679
301.255680
301.255680
301.255680
301.255680
301.255680
301.255680
301.255680
301.255680
301.255680
301.255680
301.255680
301.255680
301.255680
301.255680
301.255680
301.255680
301.255679
301.255679
301.255679
301.255679
301.255678
301.255677
301.255677
301.255676
301.255675
301.255674
301.255674
301.255673
301.255670
301.255669
301.255667
301.255662
301.255660
301.255658
301.255656
301.255646
301.255642
301.255637
301.255619
301.255611
301.255601
301.255568
301.255554
301.255535
301.255470
301.255443
301.255404
301.255278
301.255177
301.254858
301.254714
301.254487
301.253673
301.253219
301.252422
301.250063
301.247326
301.246002
301.211316
301.098160
