300.912429
301.020350
301.105463
301.175586
301.234705
301.285120
301.328265
301.365073
301.396130
301.421724
301.441786
301.455607
301.454182
301.462327
301.471117
301.479736
301.487865
301.495385
301.502266
301.508522
301.514193
301.519332
301.524076
301.528216
301.531887
301.535150
301.538059
301.540669
301.543034
301.545213
301.547279
301.549342
301.551989
301.553748
301.555191
301.556415
301.557482
301.558437
301.559325
301.560197
301.561129
301.562531
301.563357
301.564003
301.564540
301.565006
301.565433
301.565854
301.566316
301.567051
301.567466
301.567788
301.568057
301.568299
301.568538
301.568806
301.569253
301.569495
301.569677
301.569826
301.569958
301.570090
301.570241
301.570504
301.570641
301.570743
301.570826
301.570901
301.570977
301.571069
301.571239
301.571325
301.571388
301.571442
301.571493
301.571552
301.571658
301.571712
301.571754
301.571791
301.571831
301.571901
301.571936
301.571961
301.571981
301.572001
301.572025
301.572072
301.572094
301.572111
301.572125
301.572141
301.572171
301.572185
301.572195
301.572203
301.572213
301.572232
301.572241
301.572248
301.572255
301.572267
301.572273
301.572276
301.572278
301.572281
301.572287
301.572289
301.572290
301.572290
301.572291
301.572290
301.572289
301.572287
301.572283
301.572279
301.572275
301.572271
301.572261
301.572256
301.572252
301.572245
301.572231
301.572222
301.572212
301.572192
301.572181
301.572170
301.572155
301.572117
301.572095
301.572066
301.572001
301.571970
301.571941
301.571900
301.571799
301.571740
301.571668
301.571501
301.571402
301.571277
301.570990
301.570815
301.570590
301.570056
301.569726
301.569292
301.568350
301.567392
301.565218
301.563755
301.561740
301.557415
301.553382
301.547361
301.537743
301.521134
301.506711
301.418636
301.230040
