300.782122
300.877791
300.953982
301.017099
301.070412
301.115817
301.154520
301.187322
301.214739
301.237037
301.254161
301.265468
301.262595
301.268616
301.275249
301.281755
301.287856
301.293462
301.298565
301.303203
301.307445
301.311400
301.315600
301.318795
301.321506
301.323838
301.325864
301.327646
301.329241
301.330707
301.332112
301.333563
301.335624
301.336871
301.337852
301.338660
301.339348
301.339956
301.340520
301.341083
301.341707
301.342729
301.343288
301.343709
301.344050
301.344340
301.344606
301.344871
301.345172
301.345690
301.345964
301.346169
301.346336
301.346485
301.346633
301.346804
301.347110
301.347266
301.347378
301.347468
301.347548
301.347628
301.347722
301.347898
301.347985
301.348047
301.348096
301.348141
301.348186
301.348243
301.348354
301.348407
301.348445
301.348477
301.348507
301.348542
301.348611
301.348644
301.348669
301.348691
301.348715
301.348759
301.348780
301.348794
301.348805
301.348816
301.348830
301.348860
301.348873
301.348881
301.348889
301.348898
301.348917
301.348925
301.348930
301.348934
301.348940
301.348951
301.348956
301.348960
301.348963
301.348971
301.348973
301.348974
301.348975
301.348976
301.348979
301.348980
301.348980
301.348980
301.348980
301.348980
301.348979
301.348978
301.348975
301.348972
301.348969
301.348966
301.348960
301.348957
301.348954
301.348950
301.348941
301.348936
301.348930
301.348917
301.348910
301.348904
301.348895
301.348872
301.348859
301.348842
301.348803
301.348786
301.348770
301.348748
301.348688
301.348654
301.348611
301.348505
301.348446
301.348372
301.348185
301.348082
301.347948
301.347604
301.347408
301.347147
301.346528
301.345929
301.344458
301.343557
301.342280
301.339203
301.336611
301.332590
301.325177
301.313370
301.304013
301.230026
301.063802
