/*--------------------------------*- C++ -*----------------------------------*\
| =========                 |                                                 |
| \\      /  F ield         | OpenFOAM: The Open Source CFD Toolbox           |
|  \\    /   O peration     | Version:  v2006                                 |
|   \\  /    A nd           | Website:  www.openfoam.com                      |
|    \\/     M anipulation  |                                                 |
\*---------------------------------------------------------------------------*/
FoamFile
{
    version     2.0;
    format      ascii;
    class       volVectorField;
    location    "0.2";
    object      flux;
}
// * * * * * * * * * * * * * * * * * * * * * * * * * * * * * * * * * * * * * //

dimensions      [0 1 -1 1 0 0 0];


internalField   nonuniform List<vector> 
512
(
(0 -2.27374e-12 0)
(-1.13687e-12 -6.82121e-12 0)
(0 -2.27374e-12 0)
(1.13687e-12 0 0)
(-1.13687e-12 -2.27374e-12 0)
(1.13687e-12 4.54747e-12 0)
(2.27374e-12 0 0)
(0 9.09495e-12 0)
(-2.27374e-12 0 0)
(0 4.54747e-12 0)
(0 0 0)
(-1.13687e-12 -6.82121e-12 0)
(1.13687e-12 -6.82121e-12 0)
(0 -2.27374e-12 0)
(0 0 0)
(0 -2.27374e-12 0)
(0 0 0)
(0 0 0)
(0 4.54747e-12 0)
(0 0 0)
(0 -2.27374e-12 0)
(0 0 0)
(0 0 0)
(-1.13687e-12 -6.82121e-12 0)
(0 -2.27374e-12 0)
(0 -2.27374e-12 0)
(0 0 0)
(1.13687e-12 0 0)
(0 4.54747e-12 0)
(0 0 0)
(0 0 0)
(0 0 0)
(-2.27374e-12 2.27374e-12 0)
(0 4.54747e-12 0)
(3.41061e-12 0 0)
(-1.13687e-12 -2.27374e-12 0)
(1.13687e-12 2.27374e-12 0)
(2.27374e-12 4.54747e-12 0)
(0 4.54747e-12 0)
(0 0 0)
(0 0 0)
(-2.27374e-12 4.54747e-12 0)
(-1.13687e-12 0 0)
(-2.27374e-12 4.54747e-12 0)
(2.27374e-12 -2.27374e-12 0)
(1.13687e-12 0 0)
(0 9.09495e-12 0)
(0 0 0)
(0 0 0)
(0 4.54747e-12 0)
(2.27374e-12 4.54747e-12 0)
(-2.27374e-12 4.54747e-12 0)
(0 2.27374e-12 0)
(0 -2.27374e-12 0)
(-1.13687e-12 4.54747e-12 0)
(0 4.54747e-12 0)
(0 2.27374e-12 0)
(1.13687e-12 -4.54747e-12 0)
(0 0 0)
(2.27374e-12 0 0)
(0 4.54747e-12 0)
(-2.27374e-12 9.09495e-12 0)
(0 0 0)
(0 4.54747e-12 0)
(0 0 0)
(-1.13687e-12 2.27374e-12 0)
(0 0 0)
(0 -4.54747e-12 0)
(5.68434e-12 0 0)
(0 6.82121e-12 0)
(0 4.54747e-12 0)
(-2.27374e-12 0 0)
(0 0 0)
(0 -4.54747e-12 0)
(-2.27374e-12 -2.27374e-12 0)
(-3.41061e-12 -4.54747e-12 0)
(0 2.27374e-12 0)
(3.41061e-12 2.27374e-12 0)
(0 0 0)
(-1.13687e-12 0 0)
(1.13687e-12 -2.27374e-12 0)
(4.54747e-12 0 0)
(0 0 0)
(-2.27374e-12 4.54747e-12 0)
(-3.41061e-12 4.54747e-12 0)
(1.13687e-12 0 0)
(0 -4.54747e-12 0)
(-1.13687e-12 2.27374e-12 0)
(-2.27374e-12 -2.27374e-12 0)
(2.27374e-12 -2.27374e-12 0)
(1.13687e-12 0 0)
(2.27374e-12 -2.27374e-12 0)
(3.41061e-12 2.27374e-12 0)
(-1.13687e-12 2.27374e-12 0)
(-4.54747e-12 4.54747e-12 0)
(2.27374e-12 0 0)
(0 4.54747e-12 0)
(0 4.54747e-12 0)
(0 2.27374e-12 0)
(0 6.82121e-12 0)
(4.54747e-12 4.54747e-12 0)
(3.41061e-12 6.82121e-12 0)
(-2.27374e-12 6.82121e-12 0)
(-3.41061e-12 6.82121e-12 0)
(-2.27374e-12 4.54747e-12 0)
(-1.13687e-12 -4.54747e-12 0)
(-2.27374e-12 2.27374e-12 0)
(0 0 0)
(2.27374e-12 0 0)
(1.13687e-12 0 0)
(0 -9.09495e-12 0)
(-1.13687e-12 0 0)
(1.13687e-12 2.27374e-12 0)
(4.54747e-12 -4.54747e-12 0)
(1.13687e-12 2.27374e-12 0)
(-1.13687e-12 6.82121e-12 0)
(-4.54747e-12 0 0)
(0 0 0)
(0 0 0)
(-1.13687e-12 -2.27374e-12 0)
(-3.41061e-12 -4.54747e-12 0)
(1.13687e-12 0 0)
(3.41061e-12 -2.27374e-12 0)
(2.27374e-12 0 0)
(5.68434e-12 4.54747e-12 0)
(-3.41061e-12 6.82121e-12 0)
(-2.27374e-12 0 0)
(0 0 0)
(0 1.13687e-11 0)
(-2.27374e-12 4.54747e-12 0)
(-2.27374e-12 0 0)
(2.27374e-12 4.54747e-12 0)
(5.68434e-12 6.82121e-12 0)
(3.41061e-12 0 0)
(-3.41061e-12 2.27374e-12 0)
(-2.27374e-12 0 0)
(-3.41061e-12 0 0)
(-2.27374e-12 0 0)
(-1.13687e-12 0 0)
(-2.27374e-12 0 0)
(2.27374e-12 0 0)
(1.13687e-12 0 0)
(-1.13687e-12 -2.27374e-12 0)
(0 0 0)
(1.13687e-12 0 0)
(4.54747e-12 0 0)
(1.13687e-12 4.54747e-12 0)
(-1.13687e-12 0 0)
(-4.54747e-12 0 0)
(0 2.27374e-12 0)
(0 -2.27374e-12 0)
(-1.13687e-12 0 0)
(-2.27374e-12 4.54747e-12 0)
(0 0 0)
(2.27374e-12 -4.54747e-12 0)
(5.68434e-12 2.27374e-12 0)
(4.54747e-12 0 0)
(-1.13687e-12 4.54747e-12 0)
(-5.68434e-12 0 0)
(0 0 0)
(-1.13687e-12 2.27374e-12 0)
(-3.41061e-12 2.27374e-12 0)
(-2.27374e-12 9.09495e-12 0)
(3.41061e-12 4.54747e-12 0)
(3.41061e-12 6.82121e-12 0)
(0 0 0)
(0 0 0)
(-3.41061e-12 0 0)
(-3.41061e-12 4.54747e-12 0)
(0 9.09495e-12 0)
(-3.41061e-12 9.09495e-12 0)
(-2.27374e-12 0 0)
(3.41061e-12 4.54747e-12 0)
(0 0 0)
(-1.13687e-12 0 0)
(1.13687e-12 2.27374e-12 0)
(2.27374e-12 9.09495e-12 0)
(2.27374e-12 9.09495e-12 0)
(3.41061e-12 0 0)
(-2.27374e-12 0 0)
(-1.13687e-12 4.54747e-12 0)
(-4.54747e-12 4.54747e-12 0)
(-3.41061e-12 -4.54747e-12 0)
(2.27374e-12 0 0)
(0 0 0)
(-2.27374e-12 2.27374e-12 0)
(0 0 0)
(7.95808e-12 0 0)
(6.82121e-12 2.27374e-12 0)
(-3.41061e-12 0 0)
(-3.41061e-12 4.54747e-12 0)
(0 4.54747e-12 0)
(0 4.54747e-12 0)
(-1.13687e-12 4.54747e-12 0)
(-2.27374e-12 6.82121e-12 0)
(2.27374e-12 2.27374e-12 0)
(3.41061e-12 4.54747e-12 0)
(0 4.54747e-12 0)
(-2.27374e-12 4.54747e-12 0)
(-3.41061e-12 0 0)
(-1.13687e-12 2.27374e-12 0)
(0 2.27374e-12 0)
(-2.27374e-12 6.82121e-12 0)
(-3.41061e-12 6.82121e-12 0)
(0 0 0)
(0 -2.27374e-12 0)
(0 0 0)
(1.13687e-12 -6.82121e-12 0)
(4.54747e-12 0 0)
(1.13687e-12 0 0)
(2.27374e-12 0 0)
(-2.27374e-12 -4.54747e-12 0)
(-1.13687e-12 2.27374e-12 0)
(-5.68434e-12 0 0)
(-2.27374e-12 -2.27374e-12 0)
(3.41061e-12 2.27374e-12 0)
(-1.13687e-12 0 0)
(0 6.82121e-12 0)
(0 0 0)
(5.68434e-12 0 0)
(6.82121e-12 0 0)
(-2.27374e-12 0 0)
(-3.41061e-12 6.82121e-12 0)
(0 6.82121e-12 0)
(-2.27374e-12 4.54747e-12 0)
(-2.27374e-12 0 0)
(-1.13687e-12 0 0)
(1.13687e-12 4.54747e-12 0)
(4.54747e-12 0 0)
(-2.27374e-12 0 0)
(-2.27374e-12 -4.54747e-12 0)
(-1.13687e-12 0 0)
(0 6.82121e-12 0)
(0 4.54747e-12 0)
(-2.27374e-12 6.82121e-12 0)
(-5.68434e-12 9.09495e-12 0)
(-1.13687e-12 2.27374e-12 0)
(0 2.27374e-12 0)
(-2.27374e-12 2.27374e-12 0)
(2.27374e-12 -2.27374e-12 0)
(5.68434e-12 -9.09495e-12 0)
(1.13687e-12 2.27374e-12 0)
(2.27374e-12 2.27374e-12 0)
(-2.27374e-12 4.54747e-12 0)
(-1.13687e-12 0 0)
(-5.68434e-12 0 0)
(-2.27374e-12 2.27374e-12 0)
(3.41061e-12 0 0)
(-1.13687e-12 0 0)
(1.13687e-12 4.54747e-12 0)
(0 6.82121e-12 0)
(5.68434e-12 4.54747e-12 0)
(5.68434e-12 0 0)
(-2.27374e-12 0 0)
(-1.13687e-12 2.27374e-12 0)
(0 2.27374e-12 0)
(-2.27374e-12 -4.54747e-12 0)
(-3.41061e-12 2.27374e-12 0)
(0 0 0)
(3.41061e-12 0 0)
(0 -6.82121e-12 0)
(0 -4.54747e-12 0)
(-3.41061e-12 -2.27374e-12 0)
(0 -6.82121e-12 0)
(1.13687e-12 0 0)
(0 2.27374e-12 0)
(-1.13687e-12 4.54747e-12 0)
(-3.41061e-12 6.82121e-12 0)
(-4.54747e-12 4.54747e-12 0)
(0 4.54747e-12 0)
(-3.41061e-12 4.54747e-12 0)
(2.27374e-12 6.82121e-12 0)
(5.68434e-12 4.54747e-12 0)
(4.54747e-12 0 0)
(0 4.54747e-12 0)
(-3.41061e-12 2.27374e-12 0)
(-1.13687e-12 0 0)
(-4.54747e-12 0 0)
(-1.13687e-12 4.54747e-12 0)
(1.13687e-12 0 0)
(2.27374e-12 2.27374e-12 0)
(0 0 0)
(2.27374e-12 9.09495e-12 0)
(3.41061e-12 4.54747e-12 0)
(5.68434e-12 0 0)
(-2.27374e-12 4.54747e-12 0)
(-2.27374e-12 9.09495e-12 0)
(0 4.54747e-12 0)
(0 0 0)
(-3.41061e-12 -2.27374e-12 0)
(0 -4.54747e-12 0)
(-2.27374e-12 -6.82121e-12 0)
(2.27374e-12 -4.54747e-12 0)
(1.13687e-12 -4.54747e-12 0)
(-3.41061e-12 -4.54747e-12 0)
(0 -4.54747e-12 0)
(3.41061e-12 -2.27374e-12 0)
(2.27374e-12 4.54747e-12 0)
(0 0 0)
(-5.68434e-12 2.27374e-12 0)
(-3.41061e-12 4.54747e-12 0)
(0 4.54747e-12 0)
(0 4.54747e-12 0)
(-2.27374e-12 2.27374e-12 0)
(4.54747e-12 4.54747e-12 0)
(4.54747e-12 -2.27374e-12 0)
(2.27374e-12 -4.54747e-12 0)
(-3.41061e-12 0 0)
(-3.41061e-12 4.54747e-12 0)
(-2.27374e-12 4.54747e-12 0)
(-2.27374e-12 6.82121e-12 0)
(0 -2.27374e-12 0)
(0 -2.27374e-12 0)
(4.54747e-12 4.54747e-12 0)
(1.13687e-12 0 0)
(0 0 0)
(5.68434e-12 -2.27374e-12 0)
(2.27374e-12 -4.54747e-12 0)
(0 0 0)
(-2.27374e-12 0 0)
(-2.27374e-12 -4.54747e-12 0)
(-1.13687e-12 0 0)
(-3.41061e-12 -2.27374e-12 0)
(0 -4.54747e-12 0)
(3.41061e-12 0 0)
(0 -2.27374e-12 0)
(-3.41061e-12 -2.27374e-12 0)
(0 -4.54747e-12 0)
(4.54747e-12 0 0)
(2.27374e-12 0 0)
(0 0 0)
(-3.41061e-12 0 0)
(-3.41061e-12 0 0)
(0 0 0)
(-2.27374e-12 0 0)
(2.27374e-12 9.09495e-12 0)
(0 0 0)
(3.41061e-12 2.27374e-12 0)
(1.13687e-12 0 0)
(-1.13687e-12 0 0)
(-2.27374e-12 0 0)
(-1.13687e-12 0 0)
(-4.54747e-12 0 0)
(-1.13687e-12 2.27374e-12 0)
(1.13687e-12 0 0)
(4.54747e-12 0 0)
(0 2.27374e-12 0)
(1.13687e-12 0 0)
(3.41061e-12 0 0)
(2.27374e-12 0 0)
(2.27374e-12 0 0)
(0 0 0)
(0 -6.82121e-12 0)
(-2.27374e-12 0 0)
(-1.13687e-12 0 0)
(0 0 0)
(0 -2.27374e-12 0)
(-2.27374e-12 -6.82121e-12 0)
(-2.27374e-12 -4.54747e-12 0)
(2.27374e-12 0 0)
(6.82121e-12 -4.54747e-12 0)
(4.54747e-12 4.54747e-12 0)
(0 -4.54747e-12 0)
(-5.68434e-12 4.54747e-12 0)
(-3.41061e-12 0 0)
(0 0 0)
(1.13687e-12 0 0)
(-1.13687e-12 0 0)
(0 -4.54747e-12 0)
(3.41061e-12 4.54747e-12 0)
(1.13687e-12 -2.27374e-12 0)
(-1.13687e-12 0 0)
(-3.41061e-12 -4.54747e-12 0)
(0 -4.54747e-12 0)
(-4.54747e-12 0 0)
(0 0 0)
(0 0 0)
(4.54747e-12 0 0)
(1.13687e-12 4.54747e-12 0)
(0 2.27374e-12 0)
(2.27374e-12 -6.82121e-12 0)
(3.41061e-12 -6.82121e-12 0)
(0 -4.54747e-12 0)
(-2.27374e-12 -6.82121e-12 0)
(0 0 0)
(0 -4.54747e-12 0)
(-1.13687e-12 0 0)
(0 6.82121e-12 0)
(0 0 0)
(0 2.27374e-12 0)
(-2.27374e-12 -4.54747e-12 0)
(0 0 0)
(6.82121e-12 -2.27374e-12 0)
(2.27374e-12 -4.54747e-12 0)
(-2.27374e-12 -4.54747e-12 0)
(-1.13687e-12 -6.82121e-12 0)
(-2.27374e-12 0 0)
(-1.13687e-12 0 0)
(-2.27374e-12 -4.54747e-12 0)
(0 -4.54747e-12 0)
(2.27374e-12 0 0)
(3.41061e-12 -4.54747e-12 0)
(0 -4.54747e-12 0)
(-2.27374e-12 -2.27374e-12 0)
(-1.13687e-12 -2.27374e-12 0)
(-2.27374e-12 -4.54747e-12 0)
(-2.27374e-12 0 0)
(0 0 0)
(2.27374e-12 6.82121e-12 0)
(3.41061e-12 -4.54747e-12 0)
(2.27374e-12 0 0)
(-2.27374e-12 4.54747e-12 0)
(0 2.27374e-12 0)
(2.27374e-12 -6.82121e-12 0)
(1.13687e-12 -4.54747e-12 0)
(-1.13687e-12 -4.54747e-12 0)
(0 -2.27374e-12 0)
(-1.13687e-12 -2.27374e-12 0)
(0 0 0)
(0 -2.27374e-12 0)
(0 0 0)
(-2.27374e-12 -2.27374e-12 0)
(-2.27374e-12 -2.27374e-12 0)
(2.27374e-12 0 0)
(5.68434e-12 0 0)
(1.13687e-12 -6.82121e-12 0)
(-1.13687e-12 -2.27374e-12 0)
(-3.41061e-12 -4.54747e-12 0)
(-2.27374e-12 -9.09495e-12 0)
(0 -4.54747e-12 0)
(0 -4.54747e-12 0)
(0 0 0)
(2.27374e-12 -4.54747e-12 0)
(1.13687e-12 -2.27374e-12 0)
(0 -2.27374e-12 0)
(0 -4.54747e-12 0)
(-3.41061e-12 0 0)
(-2.27374e-12 0 0)
(2.27374e-12 -4.54747e-12 0)
(0 4.54747e-12 0)
(0 0 0)
(2.27374e-12 0 0)
(3.41061e-12 -4.54747e-12 0)
(-2.27374e-12 -4.54747e-12 0)
(-1.13687e-12 0 0)
(3.41061e-12 0 0)
(0 -2.27374e-12 0)
(-2.27374e-12 -2.27374e-12 0)
(0 -4.54747e-12 0)
(0 0 0)
(0 0 0)
(-2.27374e-12 -4.54747e-12 0)
(2.27374e-12 -9.09495e-12 0)
(-4.54747e-12 0 0)
(-1.13687e-12 0 0)
(1.13687e-12 0 0)
(4.54747e-12 -9.09495e-12 0)
(1.13687e-12 -6.82121e-12 0)
(-1.13687e-12 -1.13687e-11 0)
(-2.27374e-12 -6.82121e-12 0)
(-2.27374e-12 0 0)
(2.27374e-12 -4.54747e-12 0)
(-2.27374e-12 0 0)
(2.27374e-12 -4.54747e-12 0)
(0 0 0)
(2.27374e-12 0 0)
(0 -9.09495e-12 0)
(0 -2.27374e-12 0)
(0 -4.54747e-12 0)
(-2.27374e-12 0 0)
(-2.27374e-12 0 0)
(2.27374e-12 0 0)
(0 0 0)
(2.27374e-12 -4.54747e-12 0)
(1.13687e-12 -2.27374e-12 0)
(0 -2.27374e-12 0)
(-1.13687e-12 -2.27374e-12 0)
(0 -4.54747e-12 0)
(0 -6.82121e-12 0)
(-2.27374e-12 -9.09495e-12 0)
(0 -4.54747e-12 0)
(0 -9.09495e-12 0)
(0 -9.09495e-12 0)
(0 -4.54747e-12 0)
(-2.27374e-12 0 0)
(0 -9.09495e-12 0)
(0 2.27374e-12 0)
(0 0 0)
(0 0 0)
(2.27374e-12 -9.09495e-12 0)
(-2.27374e-12 -4.54747e-12 0)
(0 -4.54747e-12 0)
(0 0 0)
(-1.13687e-12 0 0)
(1.13687e-12 0 0)
(0 0 0)
(0 0 0)
(0 -9.09495e-12 0)
(0 0 0)
(0 -9.09495e-12 0)
(0 -4.54747e-12 0)
(0 0 0)
(0 0 0)
(0 -4.54747e-12 0)
(0 -4.54747e-12 0)
(0 0 0)
(0 -9.09495e-12 0)
(0 -9.09495e-12 0)
(0 -9.09495e-12 0)
(2.27374e-12 -4.54747e-12 0)
(0 -9.09495e-12 0)
(-2.27374e-12 0 0)
)
;

boundaryField
{
    left
    {
        type            calculated;
        value           nonuniform List<vector> 
16
(
(0 -2.27374e-12 0)
(0 2.27374e-12 0)
(0 0 0)
(0 4.54747e-12 0)
(0 1.13687e-11 0)
(0 2.27374e-12 0)
(0 4.54747e-12 0)
(0 4.54747e-12 0)
(0 -4.54747e-12 0)
(0 0 0)
(0 -4.54747e-12 0)
(0 -6.82121e-12 0)
(0 0 0)
(0 -2.27374e-12 0)
(0 -4.54747e-12 0)
(0 -4.54747e-12 0)
)
;
    }
    right
    {
        type            calculated;
        value           nonuniform List<vector> 
16
(
(0 0 0)
(0 4.54747e-12 0)
(0 0 0)
(0 0 0)
(0 0 0)
(0 4.54747e-12 0)
(0 6.82121e-12 0)
(0 2.27374e-12 0)
(0 4.54747e-12 0)
(0 0 0)
(0 0 0)
(0 -6.82121e-12 0)
(0 -4.54747e-12 0)
(0 -2.27374e-12 0)
(0 -9.09495e-12 0)
(0 0 0)
)
;
    }
    interface
    {
        type            calculated;
        value           nonuniform List<vector> 
32
(
(0 -7.27596e-12 0)
(0 -7.27596e-12 0)
(0 -7.27596e-12 0)
(0 -7.27596e-12 0)
(-2.27374e-12 0 0)
(0 -7.27596e-12 0)
(0 0 0)
(0 0 0)
(0 0 0)
(2.27374e-12 -7.27596e-12 0)
(-2.27374e-12 0 0)
(0 0 0)
(0 0 0)
(-1.13687e-12 7.27596e-12 0)
(1.13687e-12 0 0)
(0 0 0)
(0 7.27596e-12 0)
(0 -7.27596e-12 0)
(0 0 0)
(0 -7.27596e-12 0)
(0 0 0)
(0 0 0)
(0 7.27596e-12 0)
(0 0 0)
(0 0 0)
(0 0 0)
(0 0 0)
(0 -7.27596e-12 0)
(0 0 0)
(2.27374e-12 0 0)
(0 -1.45519e-11 0)
(-2.27374e-12 0 0)
)
;
    }
    bottom
    {
        type            calculated;
        value           nonuniform List<vector> 
32
(
(0 0 0)
(-1.13687e-12 -7.27596e-12 0)
(0 -7.27596e-12 0)
(1.13687e-12 0 0)
(-1.13687e-12 -7.27596e-12 0)
(1.13687e-12 0 0)
(2.27374e-12 0 0)
(0 1.45519e-11 0)
(-2.27374e-12 0 0)
(0 0 0)
(0 7.27596e-12 0)
(-1.13687e-12 -7.27596e-12 0)
(1.13687e-12 -7.27596e-12 0)
(0 0 0)
(0 0 0)
(0 0 0)
(0 -7.27596e-12 0)
(0 0 0)
(0 0 0)
(0 0 0)
(0 0 0)
(0 0 0)
(0 0 0)
(-1.13687e-12 -7.27596e-12 0)
(0 -7.27596e-12 0)
(0 -7.27596e-12 0)
(0 -7.27596e-12 0)
(1.13687e-12 0 0)
(0 0 0)
(0 0 0)
(0 0 0)
(0 0 0)
)
;
    }
    defaultFaces
    {
        type            empty;
    }
}


// ************************************************************************* //
